[array([[5479.6016, 2183.611 ],
       [5484.41  , 2207.6543],
       [5474.7207, 2232.351 ],
       [5463.3022, 2238.0305],
       [5460.22  , 2245.35  ],
       [5462.917 , 2258.705 ],
       [5457.395 , 2270.2625],
       [5455.0835, 2288.369 ],
       [5463.0454, 2301.5957],
       [5478.9688, 2318.9316],
       [5481.9224, 2337.038 ],
       [5500.5215, 2403.495 ],
       [5518.071 , 2433.66  ],
       [5532.4966, 2455.2988],
       [5544.518 , 2479.342 ],
       [5554.1357, 2503.3853],
       [5566.157 , 2525.024 ],
       [5582.9873, 2544.2585],
       [5599.8174, 2565.8975],
       [5616.648 , 2589.9407],
       [5635.8823, 2611.5793],
       [5655.1167, 2635.6226],
       [5671.9473, 2654.8572],
       [5688.7773, 2676.496 ],
       [5703.203 , 2700.539 ],
       [5720.033 , 2719.7737],
       [5741.6724, 2739.0083],
       [5760.9067, 2758.2427],
       [5804.1846, 2791.9033],
       [5830.632 , 2799.1162],
       [5852.271 , 2815.9463],
       [5869.101 , 2837.5852],
       [5890.7397, 2856.8198],
       [5912.379 , 2871.2456],
       [5936.422 , 2878.4587],
       [5960.465 , 2895.2888],
       [5979.6997, 2912.1191],
       [6001.3384, 2924.1406],
       [6025.382 , 2931.3535],
       [6049.425 , 2936.1624],
       [6073.468 , 2943.3752],
       [6123.9585, 2952.9924],
       [6172.045 , 2967.4185],
       [6198.4927, 2977.0356],
       [6222.5356, 2989.0571],
       [6246.5786, 3003.4832],
       [6268.218 , 3020.3132],
       [6289.8564, 3032.335 ],
       [6313.9   , 3041.9521],
       [6333.1343, 3058.7825],
       [6366.7944, 3097.2515],
       [6386.0293, 3116.486 ],
       [6407.668 , 3130.9119],
       [6431.7114, 3133.3162],
       [6453.35  , 3145.338 ],
       [6501.4365, 3174.1897],
       [6518.2666, 3195.8284],
       [6539.9053, 3212.6587],
       [6578.3745, 3251.1277],
       [6597.609 , 3272.7666],
       [6616.8438, 3292.0012],
       [6643.291 , 3337.683 ],
       [6657.717 , 3359.322 ],
       [6681.7603, 3364.1306],
       [6705.803 , 3354.5134],
       [6727.4424, 3342.492 ],
       [6751.4854, 3340.0874],
       [6780.199 , 3336.619 ],
       [6799.379 , 3329.084 ],
       [6821.984 , 3318.8088],
       [6854.8633, 3292.0942],
       [6880.893 , 3277.7092],
       [6898.703 , 3266.0645],
       [6926.788 , 3249.6245],
       [6953.5024, 3236.6096],
       [6977.4775, 3224.9646],
       [7006.247 , 3211.265 ],
       [7024.742 , 3190.03  ],
       [7072.692 , 3168.11  ],
       [7101.4614, 3144.1355],
       [7121.326 , 3135.2305],
       [7138.5806, 3140.5293],
       [7148.1978, 3169.381 ],
       [7131.601 , 3174.9602],
       [7119.2715, 3193.455 ],
       [7107.6265, 3220.1697],
       [7090.494 , 3251.1277],
       [7073.664 , 3270.3623],
       [7045.977 , 3286.6143],
       [7055.567 , 3335.2488],
       [7102.8315, 3334.5637],
       [7131.601 , 3321.5488],
       [7160.219 , 3311.2356],
       [7181.858 , 3296.8098],
       [7202.841 , 3287.2993],
       [7224.0757, 3269.4893],
       [7245.31  , 3249.6245],
       [7251.5835, 3219.8716],
       [7239.5615, 3198.233 ],
       [7243.2554, 3181.81  ],
       [7229.9443, 3159.7637],
       [7251.5835, 3147.7422],
       [7261.2007, 3094.8472],
       [7268.4136, 3068.3997],
       [7280.435 , 3046.7607],
       [7302.074 , 3029.9307],
       [7311.6914, 3003.4832],
       [7330.926 , 2986.6528],
       [7345.3516, 2962.6096],
       [7350.16  , 2938.5667],
       [7352.5645, 2912.1191],
       [7371.7993, 2864.0327],
       [7379.012 , 2839.9895],
       [7393.438 , 2784.6902],
       [7374.2036, 2767.86  ],
       [7357.373 , 2746.2212],
       [7345.3516, 2724.5823],
       [7340.543 , 2698.1348],
       [7345.3516, 2674.0918],
       [7342.9473, 2645.24  ],
       [7342.9473, 2618.7925],
       [7352.5645, 2592.345 ],
       [7359.778 , 2565.8975],
       [7362.182 , 2541.8542],
       [7357.373 , 2486.555 ],
       [7357.373 , 2426.447 ],
       [7350.16  , 2402.4038],
       [7335.7344, 2380.7651],
       [7359.778 , 2390.3823],
       [7379.012 , 2373.552 ],
       [7393.438 , 2351.9133],
       [7398.2466, 2327.87  ],
       [7383.821 , 2303.827 ],
       [7371.7993, 2279.7837],
       [7357.373 , 2258.1448],
       [7335.7344, 2236.506 ],
       [7314.0957, 2222.08  ],
       [7290.0522, 2217.2715],
       [7270.818 , 2198.0369],
       [7253.988 , 2178.8025],
       [7239.5615, 2154.7593],
       [7217.923 , 2140.3333],
       [7174.645 , 2116.29  ],
       [7138.5806, 2044.1606],
       [7124.1543, 2022.5217],
       [7100.1113, 2012.9045],
       [7078.4727, 2000.8829],
       [7059.238 , 1981.6484],
       [7037.599 , 1969.6268],
       [7020.769 , 1950.3922],
       [6996.7256, 1938.3707],
       [6975.087 , 1921.5405],
       [6951.0435, 1914.3275],
       [6927.0005, 1909.5189],
       [6902.9575, 1907.1146],
       [6883.7227, 1890.2843],
       [6862.084 , 1878.2628],
       [6838.041 , 1873.4541],
       [6828.4233, 1897.4973],
       [6821.2104, 1921.5405],
       [6804.3804, 1943.1793],
       [6789.9546, 1964.8181],
       [6763.507 , 1974.4354],
       [6761.1025, 1998.4786],
       [6737.0596, 2000.8829],
       [6713.016 , 1991.2656],
       [6696.186 , 2010.5002],
       [6686.569 , 2039.352 ],
       [6672.143 , 2063.3953],
       [6648.0996, 2075.4167],
       [6626.461 , 2089.8428],
       [6607.2266, 2068.2039],
       [6604.8223, 2041.7563],
       [6590.396 , 2020.1174],
       [6563.9487, 2012.9045],
       [6535.0967, 2020.1174],
       [6518.2666, 2039.352 ],
       [6511.0537, 2063.3953],
       [6494.2236, 2082.6296],
       [6470.18  , 2094.6514],
       [6467.776 , 2118.6946],
       [6443.733 , 2130.716 ],
       [6419.6895, 2128.3118],
       [6398.051 , 2113.8857],
       [6378.8164, 2094.6514],
       [6357.1772, 2080.2253],
       [6333.1343, 2070.6082],
       [6311.4956, 2058.5864],
       [6287.452 , 2051.3735],
       [6263.409 , 2053.7778],
       [6239.3657, 2058.5864],
       [6217.727 , 2070.6082],
       [6193.6836, 2075.4167],
       [6169.6406, 2085.034 ],
       [6150.4062, 2101.8643],
       [6126.363 , 2109.0771],
       [6099.9155, 2106.6729],
       [6075.872 , 2109.0771],
       [6075.872 , 2082.6296],
       [6068.659 , 2058.5864],
       [6049.425 , 2039.352 ],
       [6025.382 , 2036.9476],
       [6003.7427, 2051.3735],
       [5977.2954, 2060.991 ],
       [5953.252 , 2063.3953],
       [5929.209 , 2060.991 ],
       [5902.7617, 2056.1821],
       [5873.9097, 2044.1606],
       [5849.8667, 2039.352 ],
       [5823.419 , 2032.139 ],
       [5799.376 , 2027.3304],
       [5777.737 , 2015.3088],
       [5760.9067, 1996.0743],
       [5741.6724, 1976.8397],
       [5720.033 , 1960.0095],
       [5695.99  , 1952.7966],
       [5669.543 , 1952.7966],
       [5645.4995, 1955.2009],
       [5619.0522, 1952.7966],
       [5597.413 , 1928.7534],
       [5570.966 , 1921.5405],
       [5544.518 , 1923.9448],
       [5520.475 , 1933.562 ]], dtype=float32), array([[5519.6826, 1931.2523],
       [5471.1914, 1944.5217],
       [5445.252 , 1951.3278],
       [5421.1606, 1955.7257],
       [5397.1177, 1967.7473],
       [5385.096 , 1991.7904],
       [5375.479 , 2015.8336],
       [5356.244 , 1996.5991],
       [5344.2227, 1970.1516],
       [5322.584 , 1958.13  ],
       [5293.732 , 1960.5343],
       [5269.689 , 1972.5559],
       [5243.241 , 1979.7688],
       [5219.198 , 1977.3645],
       [5214.3896, 1950.917 ],
       [5211.9854, 1924.4696],
       [5183.1333, 1924.4696],
       [5159.0903, 1938.8955],
       [5132.6426, 1938.8955],
       [5118.217 , 1917.2566],
       [5091.7695, 1907.6393],
       [5067.726 , 1917.2566],
       [5048.4917, 1934.0868],
       [5026.853 , 1946.1084],
       [5000.4053, 1955.7257],
       [4976.3623, 1948.5127],
       [4959.5317, 1929.2782],
       [4940.2974, 1910.0437],
       [4913.85  , 1900.4264],
       [4889.8066, 1895.6178],
       [4865.7637, 1893.2134],
       [4844.1245, 1881.1919],
       [4824.89  , 1864.3616],
       [4803.2515, 1847.5314],
       [4779.208 , 1835.5098],
       [4755.165 , 1825.8926],
       [4731.1216, 1823.4883],
       [4702.27  , 1823.4883],
       [4678.227 , 1818.6796],
       [4579.65  , 1789.8278],
       [4529.159 , 1794.6365],
       [4502.712 , 1794.6365],
       [4476.264 , 1792.2322],
       [4449.817 , 1792.2322],
       [4399.326 , 1797.0408],
       [4372.8784, 1804.2537],
       [4348.8354, 1809.0624],
       [4322.3877, 1821.0839],
       [4298.3447, 1833.1055],
       [4276.706 , 1849.9357],
       [4255.067 , 1864.3616],
       [4235.8325, 1883.5962],
       [4219.0024, 1907.6393],
       [4204.576 , 1931.6825],
       [4161.299 , 1960.5343],
       [4137.2554, 1970.1516],
       [4120.4253, 1991.7904],
       [4103.595 , 2011.025 ],
       [4079.552 , 2023.0465],
       [4060.3174, 2039.8768],
       [4043.487 , 2059.1113],
       [4021.8484, 2075.9414],
       [3997.8052, 2092.7717],
       [3976.1663, 2112.0063],
       [3956.9316, 2131.2407],
       [3940.1016, 2150.4753],
       [3925.6755, 2174.5186],
       [3923.2712, 2198.5618],
       [3901.6326, 2210.5833],
       [3877.5894, 2215.3918],
       [3855.9504, 2227.4136],
       [3803.0554, 2227.4136],
       [3781.4165, 2241.8394],
       [3762.1821, 2258.6697],
       [3779.0122, 2280.3086],
       [3803.0554, 2328.3948],
       [3841.5244, 2366.8638],
       [3855.9504, 2390.907 ],
       [3877.5894, 2407.7373],
       [3896.8237, 2424.5674],
       [3916.0583, 2446.2063],
       [4372.8784, 2667.4036],
       [4368.07  , 2643.3604],
       [4375.2827, 2619.3171],
       [4384.9004, 2571.2307],
       [4387.3047, 2547.1877],
       [4380.0913, 2523.1445],
       [4392.1133, 2501.5056],
       [4404.135 , 2475.058 ],
       [4423.369 , 2455.8237],
       [4447.4126, 2446.2063],
       [4497.903 , 2441.3977],
       [4517.1377, 2458.228 ],
       [4541.1807, 2465.441 ],
       [4565.224 , 2451.015 ],
       [4589.267 , 2463.0366],
       [4594.0757, 2494.2927],
       [4584.4585, 2518.336 ],
       [4586.863 , 2547.1877],
       [4603.693 , 2568.8264],
       [4630.1406, 2554.4006],
       [4654.1836, 2544.7834],
       [4675.8228, 2564.0178],
       [4695.057 , 2588.061 ],
       [4711.887 , 2612.1042],
       [4721.5044, 2636.1475],
       [4738.335 , 2657.7861],
       [4752.7607, 2684.2336],
       [4762.378 , 2708.2769],
       [4786.421 , 2713.0854],
       [4808.06  , 2693.851 ],
       [4834.5073, 2691.4468],
       [4858.551 , 2681.8293],
       [4875.381 , 2660.1907],
       [4892.211 , 2633.7432],
       [4909.0415, 2612.1042],
       [4930.68  , 2595.274 ],
       [4949.9146, 2571.2307],
       [4959.5317, 2547.1877],
       [4959.5317, 2515.9316],
       [4978.7666, 2417.3545],
       [4990.788 , 2395.7156],
       [5014.831 , 2383.694 ],
       [5031.6616, 2405.333 ],
       [5074.939 , 2438.9934],
       [5079.7476, 2463.0366],
       [5070.1304, 2489.4841],
       [5062.9175, 2515.9316],
       [5060.513 , 2539.9746],
       [5041.279 , 2588.061 ],
       [5041.279 , 2614.5085],
       [5038.8745, 2640.956 ],
       [5053.3003, 2662.595 ],
       [5077.3433, 2669.8079],
       [5101.3867, 2672.2122],
       [5127.834 , 2667.4036],
       [5151.8774, 2655.3818],
       [5163.899 , 2626.53  ],
       [5178.3247, 2604.8914],
       [5190.346 , 2580.8481],
       [5214.3896, 2578.4438],
       [5236.0283, 2564.0178],
       [5257.6675, 2544.7834],
       [5284.1147, 2535.166 ],
       [5310.562 , 2520.7402],
       [5324.9883, 2499.1013],
       [5344.2227, 2475.058 ],
       [5361.0527, 2455.8237],
       [5380.2876, 2438.9934],
       [5404.3306, 2424.5674],
       [5425.969 , 2405.333 ],
       [5440.3955, 2383.694 ],
       [5437.991 , 2354.8423],
       [5421.1606, 2333.2034],
       [5411.5435, 2309.1604],
       [5397.1177, 2261.074 ],
       [5382.692 , 2239.435 ],
       [5377.8833, 2212.9875],
       [5385.096 , 2186.54  ],
       [5409.139 , 2179.3271],
       [5433.1826, 2174.5186],
       [5457.2256, 2164.9014],
       [5465.2285, 2169.0713],
       [5481.8984, 2170.1826]], dtype=float32), array([[3901.787 , 2436.1934],
       [3877.744 , 2426.5762],
       [3822.4446, 2431.3848],
       [3800.806 , 2409.7458],
       [3788.7842, 2383.2986],
       [3750.3152, 2349.638 ],
       [3735.8892, 2327.9993],
       [3709.4417, 2330.4036],
       [3678.1855, 2330.4036],
       [3651.738 , 2335.2122],
       [3644.5251, 2359.2554],
       [3642.1208, 2383.2986],
       [3632.5037, 2407.3416],
       [3608.4604, 2450.6194],
       [3584.4172, 2460.2366],
       [3533.9265, 2455.428 ],
       [3509.8835, 2457.8323],
       [3485.8403, 2462.6409],
       [3464.2014, 2479.4712],
       [3440.1582, 2496.3013],
       [3423.3281, 2517.9402],
       [3404.0935, 2537.1748],
       [3368.0288, 2578.048 ],
       [3348.7942, 2597.2827],
       [3331.964 , 2618.9216],
       [3305.5166, 2626.1345],
       [3281.4734, 2640.5603],
       [3262.2388, 2667.0078],
       [3247.813 , 2691.051 ],
       [3228.5784, 2717.4985],
       [3190.1094, 2765.585 ],
       [3151.6401, 2804.054 ],
       [3132.4058, 2825.6929],
       [3113.1711, 2849.736 ],
       [3079.5107, 2888.205 ],
       [3057.8718, 2905.0352],
       [3038.6372, 2921.8655],
       [3016.9985, 2943.5044],
       [2992.9553, 2953.1216],
       [2966.5078, 2965.1433],
       [2937.656 , 2979.569 ],
       [2887.1653, 2993.995 ],
       [2863.122 , 3006.0166],
       [2839.079 , 3010.8252],
       [2812.6316, 3020.4424],
       [2788.5884, 3032.464 ],
       [2766.9495, 3044.4856],
       [2745.3105, 3058.9116],
       [2723.6719, 3070.933 ],
       [2694.82  , 3078.146 ],
       [2670.7769, 3092.572 ],
       [2649.138 , 3106.9978],
       [2596.243 , 3106.9978],
       [2572.1997, 3097.3806],
       [2548.1567, 3092.572 ],
       [2526.5178, 3104.5935],
       [2538.5393, 3126.2324],
       [2572.1997, 3143.0627],
       [2603.2988, 3158.717 ],
       [2618.4248, 3167.6147],
       [2639.5208, 3183.936 ],
       [2671.207 , 3199.5674],
       [2699.5452, 3212.3474],
       [2769.1636, 3244.1023],
       [2793.4836, 3255.076 ],
       [2813.6516, 3263.9736],
       [2841.8796, 3276.0352],
       [2870.6445, 3289.0051],
       [2926.7732, 3312.8464],
       [2956.7285, 3325.3032],
       [2979.8623, 3335.387 ],
       [3041.772 , 3362.5952],
       [3065.1436, 3372.8684],
       [3129.5183, 3404.1912],
       [3176.2498, 3421.0283],
       [3221.4976, 3442.0293],
       [3253.6565, 3455.7725],
       [3281.0784, 3468.2036],
       [3304.1128, 3476.9785],
       [3333.7283, 3492.3347],
       [3363.7095, 3503.3035],
       [3396.6155, 3518.6597],
       [3500.992 , 3566.764 ],
       [4077.2085, 3813.1638],
       [4096.394 , 3782.5894],
       [4085.4653, 3758.5852],
       [4083.709 , 3737.8987],
       [4074.2954, 3724.1882],
       [4038.8333, 3712.8857],
       [4014.79  , 3717.6943],
       [3990.7468, 3729.716 ],
       [3966.7036, 3732.1204],
       [3945.065 , 3720.0986],
       [3940.256 , 3696.0557],
       [3945.065 , 3672.0125],
       [3952.2778, 3647.9692],
       [3961.895 , 3623.926 ],
       [3985.9382, 3614.3088],
       [4009.9814, 3599.8828],
       [4034.0247, 3595.0742],
       [4058.0676, 3573.4353],
       [4070.0894, 3549.3923],
       [4072.4937, 3520.5405],
       [4086.9194, 3496.4973],
       [4096.5366, 3465.2412],
       [4108.5586, 3441.198 ],
       [4120.58  , 3419.559 ],
       [4142.2188, 3407.5376],
       [4161.453 , 3383.4944],
       [4168.6665, 3357.0469],
       [4190.305 , 3301.7476],
       [4192.7095, 3277.7043],
       [4183.0923, 3253.6611],
       [4166.262 , 3229.6182],
       [4144.623 , 3215.1921],
       [4130.1973, 3193.5532],
       [4127.793 , 3169.5103],
       [4120.58  , 3140.6584],
       [4122.9844, 3116.6152],
       [4147.0273, 3104.5935],
       [4171.071 , 3099.785 ],
       [4195.114 , 3106.9978],
       [4223.966 , 3109.402 ],
       [4248.009 , 3104.5935],
       [4276.8604, 3094.9763],
       [4300.904 , 3080.5503],
       [4315.3296, 3058.9116],
       [4320.138 , 3034.8684],
       [4315.3296, 3008.421 ],
       [4317.734 , 2984.3777],
       [4327.351 , 2960.3345],
       [4327.351 , 2933.887 ],
       [4315.3296, 2909.844 ],
       [4329.7554, 2888.205 ],
       [4348.99  , 2868.9705],
       [4363.416 , 2847.3315],
       [4380.246 , 2828.0972],
       [4404.2896, 2820.8843],
       [4428.3325, 2811.2668],
       [4449.971 , 2796.841 ],
       [4445.1626, 2772.7979],
       [4425.928 , 2751.159 ],
       [4404.2896, 2736.7332],
       [4387.459 , 2717.4985],
       [4373.033 , 2667.0078]], dtype=float32), array([[3085.8865 , 6238.323  ],
       [3065.1384 , 6262.035  ],
       [3053.2825 , 6291.675  ],
       [3026.6067 , 6309.459  ],
       [2976.219  , 6359.8467 ],
       [2955.4712 , 6383.5586 ],
       [2931.7593 , 6404.306  ],
       [2902.1194 , 6407.2705 ],
       [2872.4795 , 6413.198  ],
       [2845.8037 , 6433.9463 ],
       [2816.1638 , 6439.874  ],
       [2783.56   , 6448.766  ],
       [2721.3164 , 6460.622  ],
       [2691.6765 , 6454.694  ],
       [2665.0007 , 6436.91   ],
       [2641.2888 , 6413.198  ],
       [2611.649  , 6398.3784 ],
       [2590.9011 , 6371.7026 ],
       [2576.0813 , 6342.0625 ],
       [2561.2612 , 6368.7383 ],
       [2543.4773 , 6395.4146 ],
       [2513.8374 , 6413.198  ],
       [2460.4858 , 6442.838  ],
       [2433.81   , 6466.55   ],
       [2407.134  , 6487.298  ],
       [2380.4583 , 6502.1177 ],
       [2353.7825 , 6525.8296 ],
       [2330.0706 , 6549.5415 ],
       [2306.3586 , 6570.2896 ],
       [2253.0068 , 6611.785  ],
       [2226.331  , 6629.5693 ],
       [2196.6912 , 6641.425  ],
       [2170.0154 , 6662.173  ],
       [2143.3396 , 6679.957  ],
       [2107.7717 , 6688.8486 ],
       [2078.1318 , 6694.777  ],
       [2039.6001 , 6694.777  ],
       [2006.9962 , 6697.7407 ],
       [1980.3204 , 6715.5244 ],
       [1953.6445 , 6736.2725 ],
       [1926.9688 , 6751.0923 ],
       [1900.2928 , 6771.8403 ],
       [1870.653  , 6786.66   ],
       [1838.0492 , 6786.66   ],
       [1775.8055 , 6792.5884 ],
       [1746.1656 , 6801.48   ],
       [1713.5619 , 6816.3003 ],
       [1680.958  , 6825.192  ],
       [1621.6783 , 6831.12   ],
       [1592.0386 , 6840.0117 ],
       [1562.3987 , 6842.976  ],
       [1532.7588 , 6834.084  ],
       [1503.119  , 6822.228  ],
       [1476.4431 , 6807.408  ],
       [1446.8033 , 6792.5884 ],
       [1420.1274 , 6768.8765 ],
       [1393.4517 , 6748.1284 ],
       [1372.7037 , 6721.4526 ],
       [1360.8478 , 6754.0566 ],
       [1346.0278 , 6783.6963 ],
       [1319.352  , 6798.516  ],
       [1286.7482 , 6798.516  ],
       [1257.1084 , 6780.7324 ],
       [1233.3965 , 6759.9844 ],
       [1206.7206 , 6745.1646 ],
       [1177.0808 , 6724.4165 ],
       [1150.4049 , 6697.7407 ],
       [1138.549  , 6727.3804 ],
       [1108.9092 , 6736.2725 ],
       [1076.3053 , 6730.3447 ],
       [1046.6655 , 6718.489  ],
       [1014.06165, 6724.4165 ],
       [ 981.4578 , 6733.3086 ],
       [ 948.854  , 6739.2363 ],
       [ 910.3222 , 6721.4526 ],
       [ 851.04254, 6671.065  ],
       [ 821.4027 , 6644.389  ],
       [ 794.72687, 6614.749  ],
       [ 744.3391 , 6546.5776 ],
       [ 714.6993 , 6511.01   ],
       [ 643.56366, 6445.8022 ],
       [ 607.99585, 6416.162  ],
       [ 572.42804, 6380.594  ],
       [ 542.7882 , 6347.9907 ],
       [ 513.1484 , 6312.423  ],
       [ 450.90472, 6235.3594 ],
       [ 391.62503, 6164.2236 ],
       [ 370.87714, 6137.548  ],
       [ 350.12927, 6113.836  ],
       [ 329.38138, 6087.16   ],
       [ 308.63348, 6057.52   ],
       [ 293.81357, 6030.844  ],
       [ 281.95764, 6001.2046 ],
       [ 281.95764, 5962.673  ],
       [ 270.10168, 5921.177  ],
       [ 258.24576, 5891.537  ],
       [ 246.38983, 5858.933  ],
       [ 237.49788, 5826.3296 ],
       [ 240.46185, 5787.798  ],
       [ 249.3538 , 5758.1577 ],
       [ 261.20975, 5728.518  ],
       [ 278.99365, 5698.878  ],
       [ 293.81357, 5666.2744 ],
       [ 326.4174 , 5589.211  ],
       [ 347.16528, 5562.5347 ],
       [ 370.87714, 5541.787  ],
       [ 385.69708, 5506.219  ],
       [ 400.517  , 5476.5796 ],
       [ 409.40894, 5446.9395 ],
       [ 424.22885, 5420.2637 ],
       [ 447.94073, 5396.552  ],
       [ 468.68863, 5372.84   ],
       [ 486.47253, 5343.2    ],
       [ 527.9683 , 5289.848  ],
       [ 548.7162 , 5260.2085 ],
       [ 569.46405, 5233.5327 ],
       [ 590.212  , 5200.9287 ],
       [ 607.99585, 5168.325  ],
       [ 622.8158 , 5138.685  ],
       [ 640.5997 , 5112.0093 ],
       [ 655.4196 , 5085.3335 ],
       [ 670.2395 , 5052.7295 ],
       [ 699.87933, 4993.45   ],
       [ 723.59125, 4922.3145 ],
       [ 729.5192 , 4892.6743 ],
       [ 744.3391 , 4860.071  ],
       [ 797.69086, 4771.1514 ],
       [ 815.47473, 4744.475  ],
       [ 842.1506 , 4720.7637 ],
       [ 889.57434, 4655.5557 ],
       [ 910.3222 , 4619.988  ],
       [ 922.17816, 4590.348  ],
       [ 925.14215, 4554.7803 ],
       [ 939.96204, 4525.1406 ],
       [ 942.926  , 4492.5366 ],
       [ 960.70996, 4465.861  ],
       [ 990.3498 , 4451.041  ],
       [1014.06165, 4427.329  ],
       [1031.8456 , 4400.6533 ],
       [1052.5935 , 4373.9775 ],
       [1070.3773 , 4344.3374 ],
       [1088.1613 , 4317.6616 ],
       [1111.8732 , 4293.9497 ],
       [1132.621  , 4267.274  ],
       [1150.4049 , 4240.598  ],
       [1180.0448 , 4187.2466 ],
       [1191.9006 , 4157.6064 ],
       [1203.7566 , 4125.0024 ],
       [1227.4685 , 4101.291  ],
       [1248.2164 , 4077.5789 ]], dtype=float32), array([[3680.6714, 5602.296 ],
       [3683.4114, 5595.446 ],
       [3719.031 , 5582.4307],
       [3733.4158, 5573.526 ],
       [3742.3208, 5570.101 ],
       [3758.7607, 5566.676 ],
       [3765.6106, 5563.936 ],
       [3774.5156, 5557.771 ],
       [3786.1604, 5548.181 ],
       [3785.4753, 5531.741 ],
       [3787.5305, 5523.5215],
       [3795.7502, 5520.096 ],
       [3812.1902, 5520.7812],
       [3836.165 , 5529.686 ],
       [3851.2349, 5530.371 ],
       [3865.6199, 5535.851 ],
       [3871.7847, 5539.9614],
       [3877.2646, 5546.811 ],
       [3878.6348, 5553.661 ],
       [3877.9497, 5572.841 ],
       [3880.0046, 5581.746 ],
       [3884.7996, 5589.281 ],
       [3890.2795, 5595.446 ],
       [3896.4446, 5600.2407],
       [3904.6646, 5605.0356],
       [3914.2544, 5607.776 ],
       [3919.0493, 5613.9404],
       [3916.9944, 5631.7505],
       [3913.5693, 5641.3403],
       [3902.6094, 5657.7803],
       [3892.3345, 5683.125 ],
       [3887.5396, 5706.415 ],
       [3880.6897, 5720.8   ],
       [3876.5796, 5735.1846],
       [3871.0999, 5750.2544],
       [3869.0447, 5757.1045],
       [3869.7297, 5764.639 ],
       [3867.6748, 5779.7095],
       [3861.5098, 5796.834 ],
       [3851.92  , 5809.849 ],
       [3847.8098, 5817.384 ],
       [3844.385 , 5826.289 ],
       [3836.165 , 5841.359 ],
       [3830.    , 5848.8936],
       [3825.8901, 5855.7437],
       [3818.3552, 5860.5386],
       [3809.4502, 5874.9233],
       [3798.4902, 5886.5684],
       [3793.6953, 5894.1035],
       [3777.2556, 5916.023 ],
       [3779.9956, 5922.873 ],
       [3781.3655, 5929.723 ],
       [3758.0757, 5953.6978],
       [3727.936 , 5969.4526],
       [3719.716 , 5976.3027],
       [3715.606 , 5982.468 ],
       [3713.551 , 5990.0024],
       [3709.4412, 5996.1675],
       [3700.5361, 6000.9624],
       [3691.631 , 6001.6475],
       [3677.2463, 5999.5923],
       [3669.7114, 5999.5923],
       [3660.8064, 5998.2227],
       [3653.2715, 5994.1123],
       [3636.8315, 5989.3174],
       [3629.9817, 5987.9478],
       [3611.4868, 5988.6323],
       [3604.637 , 5986.5776],
       [3601.212 , 5979.7275],
       [3599.157 , 5965.343 ],
       [3582.032 , 5963.2876],
       [3575.1821, 5959.863 ],
       [3570.3872, 5954.383 ],
       [3568.3323, 5946.8477],
       [3569.017 , 5939.313 ],
       [3568.3323, 5930.408 ],
       [3561.4822, 5914.6533],
       [3558.7422, 5905.748 ],
       [3557.3723, 5897.5283],
       [3553.9473, 5889.308 ],
       [3550.5225, 5882.4585],
       [3545.7273, 5876.2935],
       [3538.8774, 5874.2383],
       [3533.3975, 5868.7583],
       [3529.9724, 5846.839 ],
       [3530.6575, 5838.6187],
       [3524.4927, 5824.234 ],
       [3523.1226, 5816.6987],
       [3523.8076, 5808.479 ],
       [3521.0676, 5785.874 ],
       [3523.1226, 5770.804 ],
       [3532.7124, 5747.5146],
       [3532.0276, 5737.925 ],
       [3527.9175, 5724.2246],
       [3527.2327, 5715.32  ],
       [3530.6575, 5707.0996],
       [3536.8225, 5700.25  ],
       [3543.6724, 5698.195 ],
       [3549.8374, 5692.03  ],
       [3558.0574, 5669.4253],
       [3562.8523, 5663.2603],
       [3569.7021, 5659.1504],
       [3575.1821, 5653.6704],
       [3581.3472, 5650.245 ],
       [3588.197 , 5648.8755],
       [3595.047 , 5644.765 ],
       [3606.0068, 5624.2153],
       [3610.8018, 5618.7354],
       [3617.6519, 5614.6255],
       [3629.2966, 5603.6655],
       [3636.8315, 5601.611 ],
       [3658.7515, 5598.1855],
       [3665.6013, 5598.8706]], dtype=float32), array([[2561.7366, 6673.19  ],
       [2550.0347, 6690.7427],
       [2532.4817, 6700.494 ],
       [2516.879 , 6714.1465],
       [2505.177 , 6731.6997],
       [2491.5247, 6747.3022],
       [2475.922 , 6762.905 ],
       [2458.3691, 6772.6562],
       [2421.313 , 6798.0107],
       [2399.8594, 6805.812 ],
       [2376.4553, 6809.713 ],
       [2356.9521, 6805.812 ],
       [2337.4487, 6798.0107],
       [2317.9456, 6794.11  ],
       [2298.4424, 6784.3584],
       [2284.79  , 6764.855 ],
       [2261.386 , 6725.8486],
       [2243.833 , 6714.1465],
       [2232.131 , 6694.6436],
       [2234.0815, 6673.19  ],
       [2249.684 , 6653.6865],
       [2267.237 , 6641.9844],
       [2288.6907, 6636.1333],
       [2310.1443, 6632.233 ],
       [2323.7966, 6614.6797],
       [2333.548 , 6595.177 ],
       [2351.101 , 6581.5244],
       [2390.1077, 6558.1206],
       [2409.6108, 6550.3193],
       [2427.1638, 6538.617 ],
       [2442.7666, 6523.0146],
       [2456.419 , 6507.412 ],
       [2473.9717, 6495.71  ],
       [2495.4253, 6489.859 ],
       [2516.879 , 6487.9087],
       [2540.283 , 6489.859 ],
       [2579.2896, 6485.9585],
       [2598.7927, 6491.809 ],
       [2618.2961, 6503.511 ],
       [2628.0476, 6523.0146],
       [2633.8987, 6544.4683],
       [2633.8987, 6565.922 ],
       [2622.1968, 6583.4746],
       [2608.5444, 6599.077 ],
       [2610.4946, 6618.5806],
       [2600.7432, 6636.1333],
       [2587.0908, 6653.6865],
       [2573.4385, 6669.289 ]], dtype=float32), array([[2503.2268, 7096.411 ],
       [2483.7234, 7088.6094],
       [2477.8723, 7067.156 ],
       [2470.071 , 7047.653 ],
       [2464.2202, 7024.249 ],
       [2466.1704, 7004.7456],
       [2470.071 , 6985.242 ],
       [2479.8228, 6967.6895],
       [2485.6738, 6944.285 ],
       [2499.326 , 6928.6826],
       [2511.028 , 6911.13  ],
       [2516.879 , 6889.6763],
       [2524.6804, 6870.173 ],
       [2546.134 , 6862.3716],
       [2561.7366, 6846.769 ],
       [2581.2397, 6840.918 ],
       [2594.892 , 6825.3154],
       [2612.445 , 6809.713 ],
       [2633.8987, 6807.762 ],
       [2672.9053, 6788.2593],
       [2696.309 , 6788.2593],
       [2739.2163, 6796.0605],
       [2758.7197, 6803.862 ],
       [2774.3223, 6817.514 ],
       [2791.8752, 6831.1665],
       [2811.3784, 6835.067 ],
       [2830.8818, 6842.868 ],
       [2828.9314, 6862.3716],
       [2815.279 , 6879.9243],
       [2795.776 , 6893.5767],
       [2780.1733, 6909.179 ],
       [2776.2727, 6928.6826],
       [2776.2727, 6952.0864],
       [2768.4712, 6973.54  ],
       [2766.521 , 6994.9937],
       [2766.521 , 7018.398 ],
       [2760.67  , 7037.901 ],
       [2745.0674, 7053.504 ],
       [2725.564 , 7065.2056],
       [2708.0112, 7080.808 ],
       [2694.359 , 7096.411 ],
       [2678.756 , 7112.0137],
       [2665.104 , 7129.5664],
       [2645.6006, 7135.4175],
       [2624.147 , 7135.4175],
       [2602.6934, 7137.3677],
       [2581.2397, 7135.4175],
       [2561.7366, 7131.5166],
       [2542.2332, 7123.7153],
       [2522.73  , 7117.8647]], dtype=float32), array([[2526.6306, 7291.444 ],
       [2540.283 , 7273.8906],
       [2575.389 , 7254.3877],
       [2600.0798, 7244.4287],
       [2612.163 , 7231.512 ],
       [2624.971 , 7227.876 ],
       [2635.7576, 7228.098 ],
       [2639.316 , 7229.933 ],
       [2642.8188, 7233.825 ],
       [2644.509 , 7237.524 ],
       [2649.1187, 7241.036 ],
       [2653.1008, 7246.616 ],
       [2659.253 , 7260.2383],
       [2669.0046, 7242.6855],
       [2670.9548, 7221.232 ],
       [2686.5576, 7205.6294],
       [2708.0112, 7207.5796],
       [2725.564 , 7219.2817],
       [2737.266 , 7238.7847],
       [2741.1667, 7260.2383],
       [2738.7156, 7278.036 ],
       [2747.4478, 7282.7876],
       [2751.4287, 7296.6562],
       [2755.4094, 7314.6343],
       [2751.6855, 7315.9185],
       [2745.5276, 7327.9062],
       [2741.1667, 7340.202 ],
       [2744.8   , 7344.7515],
       [2749.175 , 7351.939 ],
       [2750.321 , 7358.5015],
       [2748.7583, 7370.8975],
       [2749.4875, 7374.6475],
       [2747.7168, 7384.1265],
       [2746.1543, 7389.439 ],
       [2739.175 , 7392.1475],
       [2737.1958, 7394.5435],
       [2735.3157, 7406.513 ],
       [2727.5144, 7427.967 ],
       [2715.8125, 7445.5195],
       [2706.0608, 7465.023 ],
       [2683.0413, 7471.784 ],
       [2659.9006, 7488.3193],
       [2670.0322, 7507.791 ],
       [2646.2078, 7532.5117],
       [2628.4998, 7526.98  ],
       [2610.6501, 7510.0293],
       [2597.9739, 7477.3833],
       [2582.4355, 7462.8726],
       [2569.5378, 7470.874 ],
       [2548.0842, 7478.6753],
       [2530.5312, 7461.122 ],
       [2514.9287, 7422.1157],
       [2495.4253, 7357.755 ],
       [2491.5247, 7338.2515],
       [2485.6738, 7318.7485],
       [2495.4253, 7297.295 ],
       [2516.879 , 7283.6426]], dtype=float32), array([[1336.9307, 6817.514 ],
       [1358.3843, 6813.6133],
       [1379.8378, 6815.5635],
       [1399.3411, 6823.365 ],
       [1416.894 , 6833.1167],
       [1438.3477, 6835.067 ],
       [1459.8013, 6835.067 ],
       [1479.3046, 6837.017 ],
       [1494.9072, 6852.62  ],
       [1502.7085, 6872.123 ],
       [1506.6091, 6913.08  ],
       [1492.9568, 6932.5835],
       [1479.3046, 6948.186 ],
       [1444.1986, 6977.441 ],
       [1426.6458, 6987.1924],
       [1411.0431, 6948.186 ],
       [1393.4901, 6936.484 ],
       [1377.8875, 6922.8315],
       [1358.3843, 6913.08  ],
       [1352.5332, 6893.5767],
       [1338.881 , 6876.024 ],
       [1321.328 , 6866.2725],
       [1319.3777, 6844.819 ],
       [1325.2286, 6825.3154]], dtype=float32), array([[1475.4039, 7246.586 ],
       [1479.3046, 7227.083 ],
       [1471.5033, 7186.126 ],
       [1469.5529, 7164.6724],
       [1465.6522, 7145.169 ],
       [1457.851 , 7123.7153],
       [1453.9503, 7102.2617],
       [1459.8013, 7082.759 ],
       [1457.851 , 7063.2554],
       [1438.3477, 7028.1494],
       [1444.1986, 7008.646 ],
       [1453.9503, 6991.0933],
       [1469.5529, 6975.4907],
       [1487.1058, 6963.7886],
       [1504.6588, 6948.186 ],
       [1518.3112, 6930.633 ],
       [1530.0131, 6913.08  ],
       [1547.566 , 6901.378 ],
       [1561.2183, 6885.7754],
       [1580.7216, 6883.825 ],
       [1619.7281, 6864.322 ],
       [1641.1818, 6856.5205],
       [1662.6354, 6856.5205],
       [1684.089 , 6850.6694],
       [1699.6917, 6837.017 ],
       [1721.1453, 6833.1167],
       [1738.6981, 6842.868 ],
       [1758.2014, 6837.017 ],
       [1777.7047, 6833.1167],
       [1799.1583, 6835.067 ],
       [1820.6119, 6840.918 ],
       [1842.0656, 6848.719 ],
       [1861.5688, 6842.868 ],
       [1879.1218, 6829.216 ],
       [1894.7244, 6815.5635],
       [1914.2277, 6817.514 ],
       [1933.731 , 6813.6133],
       [1951.2839, 6799.961 ],
       [1966.8865, 6786.3086],
       [1984.4395, 6776.557 ],
       [2003.9427, 6774.607 ],
       [2025.3964, 6774.607 ],
       [2064.4028, 6762.905 ],
       [2085.8564, 6760.9546],
       [2107.31  , 6755.1035],
       [2126.8135, 6759.0044],
       [2142.416 , 6772.6562],
       [2181.4226, 6784.3584],
       [2200.9258, 6796.0605],
       [2216.5286, 6809.713 ],
       [2234.0815, 6821.4146],
       [2251.6343, 6835.067 ],
       [2269.1873, 6844.819 ],
       [2308.1938, 6856.5205],
       [2321.8462, 6874.0737],
       [2329.6475, 6895.5273],
       [2327.6973, 6915.0303],
       [2315.995 , 6932.5835],
       [2312.0945, 6952.0864],
       [2302.343 , 6969.6396],
       [2286.7402, 6985.242 ],
       [2282.8396, 7006.696 ],
       [2273.088 , 7026.199 ],
       [2257.4854, 7041.802 ],
       [2230.181 , 7073.007 ],
       [2212.628 , 7090.56  ],
       [2193.1245, 7104.2124],
       [2173.6213, 7110.063 ],
       [2159.969 , 7127.616 ],
       [2144.3665, 7141.2686],
       [2124.863 , 7147.1196],
       [2103.4094, 7154.921 ],
       [2083.9062, 7156.871 ],
       [2048.8003, 7184.176 ],
       [2029.297 , 7190.027 ],
       [2033.1976, 7209.53  ],
       [2052.701 , 7207.5796],
       [2072.2043, 7201.7285],
       [2087.807 , 7215.381 ],
       [2103.4094, 7199.7783],
       [2111.2107, 7180.275 ],
       [2120.9624, 7162.722 ],
       [2159.969 , 7147.1196],
       [2177.522 , 7135.4175],
       [2198.9756, 7133.4673],
       [2218.4788, 7125.666 ],
       [2232.131 , 7108.113 ],
       [2245.7834, 7092.5103],
       [2257.4854, 7071.0566],
       [2273.088 , 7057.4043],
       [2284.79  , 7039.8516],
       [2302.343 , 7030.0996],
       [2323.7966, 7030.0996],
       [2343.2998, 7039.8516],
       [2362.803 , 7045.7026],
       [2388.1575, 7047.653 ],
       [2405.7102, 7059.3545],
       [2438.866 , 7088.6094],
       [2454.4685, 7104.2124],
       [2468.1208, 7121.765 ],
       [2472.0215, 7141.2686],
       [2477.8723, 7160.772 ],
       [2503.2268, 7199.7783],
       [2516.879 , 7215.381 ],
       [2516.879 , 7238.7847],
       [2507.1274, 7258.288 ],
       [2503.2268, 7277.7915],
       [2483.7234, 7281.692 ],
       [2464.2202, 7287.543 ],
       [2458.3691, 7307.0464],
       [2454.4685, 7326.55  ],
       [2438.866 , 7342.1523],
       [2419.3625, 7344.1025],
       [2433.015 , 7359.705 ],
       [2452.518 , 7365.556 ],
       [2460.3196, 7388.96  ],
       [2462.2698, 7412.3643],
       [2462.2698, 7433.818 ],
       [2470.071 , 7453.321 ],
       [2481.7732, 7470.874 ],
       [2483.7234, 7494.278 ],
       [2479.8228, 7513.7812],
       [2479.8228, 7558.6387],
       [2475.922 , 7582.0425],
       [2452.518 , 7617.1484],
       [2444.7168, 7636.652 ],
       [2431.0645, 7652.2544],
       [2425.2136, 7673.708 ],
       [2411.5613, 7691.2607],
       [2417.4124, 7710.764 ],
       [2411.5613, 7732.218 ],
       [2395.9587, 7749.771 ],
       [2378.4058, 7765.3735],
       [2358.9023, 7777.075 ],
       [2341.3494, 7788.7773],
       [2282.8396, 7806.33  ],
       [2239.9324, 7818.032 ],
       [2198.9756, 7814.1313],
       [2179.4722, 7818.032 ],
       [2161.9194, 7808.281 ],
       [2142.416 , 7800.4795],
       [2124.863 , 7788.7773],
       [2103.4094, 7784.8765],
       [2093.658 , 7767.3237],
       [2085.8564, 7747.8203],
       [2048.8003, 7726.3667],
       [2031.2473, 7738.069 ],
       [2039.0487, 7757.5723],
       [2056.6016, 7769.274 ],
       [2074.1545, 7779.026 ],
       [2089.757 , 7798.529 ],
       [2095.6082, 7818.032 ],
       [2103.4094, 7837.5356],
       [2103.4094, 7860.9395],
       [2093.658 , 7880.443 ],
       [2081.9558, 7899.946 ],
       [2066.3533, 7944.8037],
       [2056.6016, 7962.3564],
       [2042.9493, 7981.86  ],
       [2021.4957, 7995.512 ],
       [2001.9924, 7999.4126],
       [1982.4891, 8016.966 ],
       [1966.8865, 8034.5186],
       [1945.4329, 8040.3696],
       [1927.88  , 8050.121 ],
       [1914.2277, 8065.724 ],
       [1898.625 , 8079.376 ],
       [1881.0721, 8091.078 ],
       [1863.5192, 8100.8296],
       [1847.9165, 8114.482 ],
       [1826.4629, 8112.5317],
       [1785.506 , 8120.333 ],
       [1766.0028, 8122.283 ],
       [1744.5492, 8120.333 ],
       [1726.9962, 8110.5815],
       [1709.4432, 8098.8794],
       [1691.8903, 8089.128 ],
       [1676.2877, 8075.4756],
       [1656.7844, 8071.5747],
       [1664.5857, 8091.078 ],
       [1668.4863, 8110.5815],
       [1666.536 , 8130.0845],
       [1652.8838, 8147.6377],
       [1633.3805, 8157.389 ],
       [1617.7778, 8171.0415],
       [1598.2745, 8178.843 ],
       [1576.8209, 8182.7437],
       [1559.268 , 8194.445 ],
       [1539.7648, 8202.247 ],
       [1516.3608, 8202.247 ],
       [1496.8575, 8200.297 ],
       [1477.3542, 8196.3955],
       [1459.8013, 8184.694 ],
       [1448.0992, 8167.141 ],
       [1432.4967, 8151.538 ],
       [1422.745 , 8132.035 ],
       [1405.1921, 8089.128 ],
       [1389.5895, 8073.5254],
       [1370.0862, 8059.873 ],
       [1354.4835, 8073.5254],
       [1368.1359, 8093.0283],
       [1377.8875, 8110.5815],
       [1385.6888, 8130.0845],
       [1395.4404, 8147.6377],
       [1422.745 , 8178.843 ],
       [1436.3973, 8196.3955],
       [1438.3477, 8219.8   ],
       [1432.4967, 8239.303 ],
       [1422.745 , 8258.807 ],
       [1409.0928, 8276.359 ],
       [1391.5398, 8295.862 ],
       [1372.0365, 8301.714 ],
       [1348.6326, 8301.714 ],
       [1331.0796, 8311.465 ],
       [1315.477 , 8329.019 ],
       [1299.8744, 8342.671 ],
       [1284.2717, 8360.224 ],
       [1264.7684, 8368.024 ],
       [1245.2653, 8379.727 ],
       [1223.8116, 8389.479 ],
       [1204.3083, 8391.429 ],
       [1182.8547, 8391.429 ],
       [1167.2521, 8371.926 ],
       [1161.4011, 8348.521 ],
       [1157.5005, 8327.067 ],
       [1153.5997, 8276.359 ],
       [1147.7488, 8247.1045],
       [1143.8481, 8219.8   ],
       [1139.9475, 8151.538 ],
       [1134.0966, 8114.482 ],
       [1128.2455, 8091.078 ],
       [1124.3448, 8071.5747],
       [1120.4442, 8024.767 ],
       [1122.3945, 7995.512 ],
       [1126.2952, 7974.0586],
       [1130.1958, 7937.0024],
       [1134.0966, 7878.492 ],
       [1134.0966, 7845.337 ],
       [1132.1462, 7816.082 ],
       [1132.1462, 7786.827 ],
       [1130.1958, 7765.3735],
       [1124.3448, 7741.969 ],
       [1114.5933, 7716.615 ],
       [1106.7919, 7689.3105],
       [1104.8416, 7669.807 ],
       [1108.7422, 7621.0493],
       [1108.7422, 7599.5957],
       [1110.6926, 7576.1914],
       [1110.6926, 7529.384 ],
       [1104.8416, 7509.8804],
       [1104.8416, 7457.2217],
       [1110.6926, 7429.917 ],
       [1116.5436, 7408.4634],
       [1118.4939, 7388.96  ],
       [1120.4442, 7353.854 ],
       [1122.3945, 7334.351 ],
       [1120.4442, 7305.096 ],
       [1120.4442, 7234.8843],
       [1124.3448, 7215.381 ],
       [1126.2952, 7191.977 ],
       [1130.1958, 7172.4736],
       [1132.1462, 7151.02  ],
       [1132.1462, 7121.765 ],
       [1128.2455, 7061.305 ],
       [1126.2952, 7016.4473],
       [1122.3945, 6981.342 ],
       [1120.4442, 6948.186 ],
       [1118.4939, 6928.6826],
       [1126.2952, 6901.378 ],
       [1130.1958, 6876.024 ],
       [1132.1462, 6852.62  ],
       [1134.0966, 6823.365 ],
       [1130.1958, 6774.607 ],
       [1147.7488, 6760.9546],
       [1169.2024, 6766.8057],
       [1180.9044, 6784.3584],
       [1198.4573, 6798.0107],
       [1219.9109, 6798.0107],
       [1235.5135, 6811.663 ],
       [1249.1659, 6829.216 ],
       [1266.7188, 6840.918 ],
       [1286.222 , 6846.769 ],
       [1301.8247, 6862.3716],
       [1313.5267, 6879.9243],
       [1323.2783, 6899.4277],
       [1334.9802, 6916.981 ],
       [1346.6823, 6936.484 ],
       [1366.1855, 6971.59  ],
       [1393.4901, 7010.5967],
       [1403.2418, 7030.0996],
       [1409.0928, 7053.504 ],
       [1412.9934, 7073.007 ],
       [1420.7947, 7098.3613],
       [1426.6458, 7123.7153],
       [1434.447 , 7149.07  ],
       [1432.4967, 7170.5234],
       [1432.4967, 7199.7783],
       [1436.3973, 7221.232 ],
       [1442.2483, 7240.7354],
       [1459.8013, 7252.437 ]], dtype=float32), array([[1248.2157, 4077.6628],
       [1277.5316, 4065.2183],
       [1317.7249, 4046.9487],
       [1361.5719, 4046.9487],
       [1398.1112, 4050.6028],
       [1430.9966, 4032.333 ],
       [1456.5741, 4003.1016],
       [1489.4595, 3981.178 ],
       [1522.3447, 3944.6387],
       [1584.4615, 3889.8298],
       [1657.5402, 3845.9827],
       [1719.6569, 3791.1738],
       [1726.9647, 3754.6345],
       [1694.0793, 3736.365 ],
       [1697.7333, 3699.8257],
       [1716.0029, 3655.9785],
       [1730.6187, 3615.7852],
       [1770.8119, 3615.7852],
       [1807.3512, 3593.8616],
       [1847.5443, 3575.592 ],
       [1884.0836, 3560.9763],
       [1920.6229, 3542.7068],
       [1957.1622, 3520.7832],
       [1997.3553, 3502.5134],
       [1979.0857, 3469.6282],
       [1990.0475, 3429.435 ],
       [2026.5868, 3414.8193],
       [2059.4722, 3436.7427],
       [2099.6653, 3422.1272],
       [2150.8203, 3363.6643],
       [2172.744 , 3283.2778],
       [2209.2832, 3261.3542],
       [2282.3618, 3232.1228],
       [2315.247 , 3213.8533],
       [2377.3638, 3144.4285],
       [2417.5571, 3133.4668],
       [2454.0964, 3126.159 ],
       [2527.1748, 3104.2354],
       [2639.7788, 3183.6304],
       [4076.587 , 3811.313 ],
       [4096.6943, 3783.5833],
       [4094.71  , 3816.7512],
       [4072.7864, 3849.6367],
       [4069.1326, 3886.176 ],
       [4087.402 , 3922.715 ],
       [4112.9795, 3951.9465],
       [4153.173 , 3970.2163],
       [4197.02  , 3988.4858],
       [4218.9434, 4021.3713],
       [4229.9053, 4057.9106],
       [4218.9434, 4098.1035],
       [4204.3276, 4138.297 ],
       [4218.9434, 4178.49  ],
       [4237.2134, 4211.3755],
       [4251.8286, 4251.569 ],
       [4273.7524, 4324.6475],
       [4251.8286, 4357.5327],
       [4244.521 , 4394.072 ],
       [4251.8286, 4430.6113],
       [4222.5977, 4459.843 ],
       [4189.712 , 4478.1123],
       [4145.8647, 4478.1123],
       [4105.672 , 4492.728 ],
       [4014.3235, 4573.1143],
       [3988.746 , 4605.9995],
       [3974.1304, 4642.539 ],
       [3966.8225, 4686.386 ],
       [3977.7842, 4722.9253],
       [4007.0156, 4748.503 ],
       [4036.247 , 4821.5815],
       [4036.247 , 4861.7744],
       [4025.2854, 4898.314 ],
       [4010.6697, 4934.853 ],
       [3974.1304, 4953.123 ],
       [3963.1685, 4989.662 ],
       [3966.8225, 5033.5093],
       [3963.1685, 5077.3564],
       [3948.5527, 5117.55  ],
       [3944.899 , 5154.089 ],
       [3919.3215, 5194.282 ],
       [3853.5508, 5245.437 ],
       [3817.0115, 5271.0146],
       [3776.818 , 5281.9766],
       [3736.625 , 5285.6304],
       [3751.2407, 5322.1694],
       [3769.5105, 5358.709 ],
       [3765.8564, 5398.902 ],
       [3747.587 , 5431.7876],
       [3725.6633, 5464.673 ],
       [3692.7778, 5493.9043],
       [3667.2004, 5526.7896],
       [3634.315 , 5545.059 ],
       [3597.776 , 5552.367 ],
       [3568.5444, 5577.9443],
       [3546.6208, 5614.484 ],
       [3491.8118, 5676.6006],
       [3466.2344, 5716.794 ],
       [3444.3108, 5753.333 ],
       [3426.0413, 5789.872 ],
       [3396.8098, 5822.758 ],
       [3374.8862, 5855.643 ],
       [3342.7534, 5895.0776],
       [3312.7693, 5895.8364],
       [3298.3638, 5882.0737],
       [3277.8289, 5881.7666],
       [3273.2969, 5886.7427],
       [3246.6255, 5882.8535],
       [3242.683 , 5877.6772],
       [3235.1067, 5876.008 ],
       [3227.9153, 5875.8794],
       [3212.175 , 5875.63  ],
       [3189.3335, 5881.148 ],
       [3217.3535, 5894.287 ],
       [3239.7295, 5904.1304],
       [3299.9683, 5908.413 ],
       [3329.9734, 5906.191 ],
       [3333.704 , 5925.871 ],
       [3342.0957, 5936.019 ],
       [3346.3892, 5944.606 ],
       [3352.0488, 5953.583 ],
       [3356.5374, 5961.975 ],
       [3357.1228, 5975.831 ],
       [3356.9277, 5981.4907],
       [3362.5942, 5992.2725],
       [3370.556 , 6000.363 ],
       [3368.3728, 6011.663 ],
       [3371.4548, 6021.4224],
       [3367.3455, 6034.9062],
       [3360.2827, 6044.9224],
       [3354.7607, 6047.619 ],
       [3351.1653, 6047.1055],
       [3347.1843, 6043.51  ],
       [3346.9275, 6035.5483],
       [3342.8184, 6031.696 ],
       [3342.0479, 6026.4307],
       [3339.4795, 6020.7803],
       [3337.2964, 6016.1577],
       [3333.701 , 6013.204 ],
       [3330.5815, 6013.496 ],
       [3327.922 , 6020.9087],
       [3326.895 , 6032.5947],
       [3330.362 , 6040.813 ],
       [3334.0862, 6052.3706],
       [3340.25  , 6055.838 ],
       [3343.332 , 6059.69  ],
       [3345.6433, 6069.578 ],
       [3335.7556, 6072.4033],
       [3330.8757, 6070.8623],
       [3326.253 , 6064.056 ],
       [3309.1155, 6093.1484],
       [3276.5215, 6108.931 ],
       [3268.9224, 6107.764 ],
       [3267.6199, 6124.3286],
       [3260.6428, 6130.3433],
       [3247.1702, 6138.523 ],
       [3240.6743, 6148.868 ],
       [3228.6453, 6158.732 ],
       [3213.9695, 6166.19  ],
       [3192.3171, 6174.851 ],
       [3177.882 , 6177.257 ],
       [3167.2964, 6174.37  ],
       [3162.9583, 6155.265 ],
       [3155.6504, 6191.804 ],
       [3141.035 , 6228.3438],
       [3100.8416, 6242.9595],
       [3096.3394, 6256.5156],
       [3092.6936, 6256.724 ],
       [3085.8186, 6257.2446],
       [3073.8394, 6251.724 ],
       [3085.7144, 6237.557 ]], dtype=float32)]