[array([[3926.669 , 4690.35  ],
       [3952.6733, 4703.352 ],
       [3973.477 , 4721.555 ],
       [3999.4812, 4737.1577],
       [4012.4834, 4760.562 ],
       [4022.8853, 4786.5664],
       [4030.6865, 4815.171 ],
       [4033.287 , 4841.1753],
       [4030.6865, 4867.1797],
       [4020.285 , 4908.7866],
       [4007.2827, 4934.791 ],
       [3986.479 , 4955.5947],
       [3968.2761, 4978.9985],
       [3957.8743, 5018.0054],
       [3952.6733, 5044.0093],
       [3957.8743, 5077.8154],
       [3957.8743, 5111.621 ],
       [3955.274 , 5137.6255],
       [3939.6711, 5166.23  ],
       [3918.8677, 5187.0337],
       [3900.6648, 5218.239 ],
       [3866.8591, 5252.0444],
       [3848.656 , 5272.848 ],
       [3822.6516, 5278.049 ],
       [3794.0469, 5278.049 ],
       [3762.8416, 5280.6494],
       [3734.2368, 5288.4507],
       [3747.239 , 5319.656 ],
       [3762.8416, 5353.4614],
       [3770.6428, 5384.667 ],
       [3755.0403, 5410.6714],
       [3736.8372, 5431.4746],
       [3713.433 , 5457.479 ],
       [3692.6296, 5480.883 ],
       [3674.4268, 5509.488 ],
       [3653.623 , 5551.0947],
       [3630.2192, 5566.6973],
       [3604.2148, 5558.896 ],
       [3578.2104, 5556.2954],
       [3554.8066, 5582.3   ],
       [3536.6035, 5603.1035],
       [3507.9988, 5647.311 ],
       [3487.195 , 5673.3154],
       [3463.7913, 5696.719 ],
       [3442.9878, 5733.1255],
       [3429.9856, 5759.13  ],
       [3414.383 , 5790.335 ],
       [3398.7803, 5824.1406],
       [3390.979 , 5852.7456],
       [3362.3743, 5863.1475],
       [3336.3699, 5865.7476],
       [3310.3655, 5870.9487],
       [3281.7607, 5873.549 ],
       [3255.7563, 5876.1494],
       [3229.752 , 5870.9487],
       [3206.348 , 5855.3457],
       [3180.3435, 5857.9463],
       [3182.944 , 5886.5513],
       [3216.7498, 5912.5557],
       [3245.3545, 5912.5557],
       [3268.7585, 5899.553 ],
       [3302.5642, 5886.5513],
       [3323.3677, 5907.3545],
       [3333.7693, 5948.9614],
       [3323.3677, 5980.167 ],
       [3315.5664, 6006.1714],
       [3302.5642, 6032.176 ],
       [3286.9614, 6055.5796],
       [3268.7585, 6081.584 ],
       [3253.1558, 6104.988 ],
       [3227.1514, 6097.1865],
       [3201.147 , 6110.189 ],
       [3188.145 , 6133.593 ],
       [3169.942 , 6156.9966],
       [3154.339 , 6180.4004],
       [3138.7366, 6203.8047],
       [3120.5334, 6224.608 ],
       [3099.73  , 6242.811 ],
       [3076.3262, 6263.6147],
       [3052.922 , 6279.2173],
       [3029.5183, 6300.0205],
       [3011.3152, 6320.824 ],
       [2987.9111, 6336.427 ],
       [2967.1077, 6359.8306],
       [2954.1055, 6383.235 ],
       [2930.7017, 6398.8374],
       [2894.2954, 6414.44  ],
       [2868.291 , 6427.442 ],
       [2839.6863, 6430.0425],
       [2803.2803, 6456.047 ],
       [2769.4746, 6456.047 ],
       [2738.2693, 6456.047 ],
       [2709.6646, 6445.645 ],
       [2683.6602, 6437.8438],
       [2657.6558, 6424.842 ],
       [2636.8523, 6401.4375],
       [2610.848 , 6385.835 ],
       [2590.0444, 6362.431 ],
       [2574.4417, 6336.427 ],
       [2548.4373, 6333.826 ]], dtype=float32)]