[array([[1402.8884, 5360.906 ],
       [1393.8789, 5284.3247],
       [1384.8693, 5144.677 ],
       [1384.8693, 4978.    ],
       [1389.374 , 4905.924 ],
       [1398.3837, 4851.8667],
       [1420.9075, 4788.8   ],
       [1452.4409, 4734.7427],
       [1533.5269, 4644.647 ],
       [1623.6223, 4559.056 ],
       [1700.2035, 4491.485 ],
       [1749.756 , 4423.913 ],
       [1844.3562, 4320.303 ],
       [1880.3944, 4270.751 ],
       [1943.4612, 4216.6934],
       [1993.0137, 4185.16  ],
       [2051.5757, 4153.6265],
       [2114.6426, 4122.0933],
       [2177.7095, 4117.5884],
       [2258.7954, 4095.0647],
       [2299.3384, 4072.5408],
       [2344.386 , 4009.4739],
       [2357.9004, 3950.9119],
       [2434.4814, 3941.9023],
       [2506.5579, 3950.9119],
       [2547.1008, 3995.9597],
       [2587.6438, 4050.0168],
       [2605.6628, 4095.0647],
       [2664.225 , 4194.1694],
       [2709.2727, 4216.6934],
       [2758.8252, 4135.6074],
       [2781.349 , 4090.5598],
       [2830.9016, 4090.5598],
       [2893.9685, 4162.636 ],
       [2925.502 , 4248.227 ],
       [2925.502 , 4342.827 ],
       [2902.978 , 4464.456 ],
       [2884.959 , 4514.009 ],
       [2871.4446, 4563.561 ],
       [2862.435 , 4608.609 ],
       [2844.416 , 4653.6567],
       [2817.3872, 4824.838 ],
       [2803.873 , 4883.4   ],
       [2790.3586, 4937.4575],
       [2772.3396, 4996.0195],
       [2763.33  , 5050.0767],
       [2695.7583, 5090.6196],
       [2646.2058, 5135.6675],
       [2569.6248, 5198.7344],
       [2538.0913, 5243.7817],
       [2515.5674, 5297.8394],
       [2484.034 , 5487.0396],
       [2443.491 , 5550.1064],
       [2393.9385, 5617.678 ],
       [2303.843 , 5703.2686],
       [2263.3   , 5752.8213],
       [2227.262 , 5793.3643],
       [2186.719 , 5815.888 ],
       [2110.138 , 5793.3643],
       [2065.09  , 5752.8213],
       [2024.5471, 5667.2305],
       [2011.0328, 5559.116 ],
       [2011.0328, 5451.0015],
       [2029.0519, 5356.4014],
       [2078.6045, 5293.3345],
       [2114.6426, 5261.801 ],
       [2141.6711, 5216.7534],
       [2177.7095, 5126.6577],
       [2200.2334, 5032.0576],
       [2204.738 , 4987.01  ],
       [2200.2334, 4928.4478],
       [2164.195 , 4892.4097],
       [2096.6235, 4896.9146],
       [2011.0328, 4959.981 ],
       [1970.4899, 4991.5146],
       [1925.4421, 5045.572 ],
       [1889.4039, 5095.1245],
       [1853.3657, 5234.7725],
       [1835.3467, 5293.3345],
       [1817.3275, 5356.4014],
       [1772.2798, 5410.4585],
       [1718.2225, 5441.9917],
       [1677.6796, 5464.5156],
       [1628.1271, 5478.0303],
       [1587.5841, 5437.4873],
       [1551.5459, 5396.9443],
       [1497.4886, 5374.4204],
       [1447.9362, 5356.4014]], dtype=float32)]