[array([[6482.88955859, 4687.53      ],
       [6481.98820848, 4716.21142579],
       [6479.28771534, 4744.7796591 ],
       [6474.7987368 , 4773.12195417],
       [6468.5389888 , 4801.12645689],
       [6460.53317571, 4828.68264629],
       [6450.81289281, 4855.68177068],
       [6439.41650163, 4882.01727686],
       [6426.3889785 , 4907.58523061],
       [6411.78173712, 4932.28472689],
       [6395.65242559, 4956.01828809],
       [6378.06469893, 4978.69224867],
       [6359.08796786, 5000.21712488],
       [6338.79712488, 5020.50796786],
       [6317.27224867, 5039.48469893],
       [6294.59828809, 5057.07242559],
       [6270.86472689, 5073.20173712],
       [6246.16523061, 5087.8089785 ],
       [6220.59727686, 5100.83650163],
       [6194.26177068, 5112.23289281],
       [6167.26264629, 5121.95317571],
       [6139.70645689, 5129.9589888 ],
       [6111.70195417, 5136.2187368 ],
       [6083.3596591 , 5140.70771534],
       [6054.79142579, 5143.40820848],
       [6026.11      , 5144.30955859],
       [5997.42857421, 5143.40820848],
       [5968.8603409 , 5140.70771534],
       [5940.51804583, 5136.2187368 ],
       [5912.51354311, 5129.9589888 ],
       [5884.95735371, 5121.95317571],
       [5857.95822932, 5112.23289281],
       [5831.62272314, 5100.83650163],
       [5806.05476939, 5087.8089785 ],
       [5781.35527311, 5073.20173712],
       [5757.62171191, 5057.07242559],
       [5734.94775133, 5039.48469893],
       [5713.42287512, 5020.50796786],
       [5693.13203214, 5000.21712488],
       [5674.15530107, 4978.69224867],
       [5656.56757441, 4956.01828809],
       [5640.43826288, 4932.28472689],
       [5625.8310215 , 4907.58523061],
       [5612.80349837, 4882.01727686],
       [5601.40710719, 4855.68177068],
       [5591.68682429, 4828.68264629],
       [5583.6810112 , 4801.12645689],
       [5577.4212632 , 4773.12195417],
       [5572.93228466, 4744.7796591 ],
       [5570.23179152, 4716.21142579],
       [5569.33044141, 4687.53      ],
       [5570.23179152, 4658.84857421],
       [5572.93228466, 4630.2803409 ],
       [5577.4212632 , 4601.93804583],
       [5583.6810112 , 4573.93354311],
       [5591.68682429, 4546.37735371],
       [5601.40710719, 4519.37822932],
       [5612.80349837, 4493.04272314],
       [5625.8310215 , 4467.47476939],
       [5640.43826288, 4442.77527311],
       [5656.56757441, 4419.04171191],
       [5674.15530107, 4396.36775133],
       [5693.13203214, 4374.84287512],
       [5713.42287512, 4354.55203214],
       [5734.94775133, 4335.57530107],
       [5757.62171191, 4317.98757441],
       [5781.35527311, 4301.85826288],
       [5806.05476939, 4287.2510215 ],
       [5831.62272314, 4274.22349837],
       [5857.95822932, 4262.82710719],
       [5884.95735371, 4253.10682429],
       [5912.51354311, 4245.1010112 ],
       [5940.51804583, 4238.8412632 ],
       [5968.8603409 , 4234.35228466],
       [5997.42857421, 4231.65179152],
       [6026.11      , 4230.75044141],
       [6054.79142579, 4231.65179152],
       [6083.3596591 , 4234.35228466],
       [6111.70195417, 4238.8412632 ],
       [6139.70645689, 4245.1010112 ],
       [6167.26264629, 4253.10682429],
       [6194.26177068, 4262.82710719],
       [6220.59727686, 4274.22349837],
       [6246.16523061, 4287.2510215 ],
       [6270.86472689, 4301.85826288],
       [6294.59828809, 4317.98757441],
       [6317.27224867, 4335.57530107],
       [6338.79712488, 4354.55203214],
       [6359.08796786, 4374.84287512],
       [6378.06469893, 4396.36775133],
       [6395.65242559, 4419.04171191],
       [6411.78173712, 4442.77527311],
       [6426.3889785 , 4467.47476939],
       [6439.41650163, 4493.04272314],
       [6450.81289281, 4519.37822932],
       [6460.53317571, 4546.37735371],
       [6468.5389888 , 4573.93354311],
       [6474.7987368 , 4601.93804583],
       [6479.28771534, 4630.2803409 ],
       [6481.98820848, 4658.84857421]])]