[array([[5586.43481721, 2707.81      ],
       [5585.05515542, 2751.71155001],
       [5580.92161494, 2795.43984067],
       [5574.05050897, 2838.82229637],
       [5564.46895463, 2881.6877064 ],
       [5552.21476593, 2923.86690056],
       [5537.33630456, 2965.19341683],
       [5519.89228901, 3005.50415835],
       [5499.95156284, 3044.64003703],
       [5477.59282298, 3082.44660143],
       [5452.90430916, 3118.77464633],
       [5425.98345567, 3153.48080152],
       [5396.93650683, 3186.42809766],
       [5365.87809766, 3217.48650683],
       [5332.93080152, 3246.53345567],
       [5298.22464633, 3273.45430916],
       [5261.89660143, 3298.14282298],
       [5224.09003703, 3320.50156284],
       [5184.95415835, 3340.44228901],
       [5144.64341683, 3357.88630456],
       [5103.31690056, 3372.76476593],
       [5061.1377064 , 3385.01895463],
       [5018.27229637, 3394.60050897],
       [4974.88984067, 3401.47161494],
       [4931.16155001, 3405.60515542],
       [4887.26      , 3406.98481721],
       [4843.35844999, 3405.60515542],
       [4799.63015933, 3401.47161494],
       [4756.24770363, 3394.60050897],
       [4713.3822936 , 3385.01895463],
       [4671.20309944, 3372.76476593],
       [4629.87658317, 3357.88630456],
       [4589.56584165, 3340.44228901],
       [4550.42996297, 3320.50156284],
       [4512.62339857, 3298.14282298],
       [4476.29535367, 3273.45430916],
       [4441.58919848, 3246.53345567],
       [4408.64190234, 3217.48650683],
       [4377.58349317, 3186.42809766],
       [4348.53654433, 3153.48080152],
       [4321.61569084, 3118.77464633],
       [4296.92717702, 3082.44660143],
       [4274.56843716, 3044.64003703],
       [4254.62771099, 3005.50415835],
       [4237.18369544, 2965.19341683],
       [4222.30523407, 2923.86690056],
       [4210.05104537, 2881.6877064 ],
       [4200.46949103, 2838.82229637],
       [4193.59838506, 2795.43984067],
       [4189.46484458, 2751.71155001],
       [4188.08518279, 2707.81      ],
       [4189.46484458, 2663.90844999],
       [4193.59838506, 2620.18015933],
       [4200.46949103, 2576.79770363],
       [4210.05104537, 2533.9322936 ],
       [4222.30523407, 2491.75309944],
       [4237.18369544, 2450.42658317],
       [4254.62771099, 2410.11584165],
       [4274.56843716, 2370.97996297],
       [4296.92717702, 2333.17339857],
       [4321.61569084, 2296.84535367],
       [4348.53654433, 2262.13919848],
       [4377.58349317, 2229.19190234],
       [4408.64190234, 2198.13349317],
       [4441.58919848, 2169.08654433],
       [4476.29535367, 2142.16569084],
       [4512.62339857, 2117.47717702],
       [4550.42996297, 2095.11843716],
       [4589.56584165, 2075.17771099],
       [4629.87658317, 2057.73369544],
       [4671.20309944, 2042.85523407],
       [4713.3822936 , 2030.60104537],
       [4756.24770363, 2021.01949103],
       [4799.63015933, 2014.14838506],
       [4843.35844999, 2010.01484458],
       [4887.26      , 2008.63518279],
       [4931.16155001, 2010.01484458],
       [4974.88984067, 2014.14838506],
       [5018.27229637, 2021.01949103],
       [5061.1377064 , 2030.60104537],
       [5103.31690056, 2042.85523407],
       [5144.64341683, 2057.73369544],
       [5184.95415835, 2075.17771099],
       [5224.09003703, 2095.11843716],
       [5261.89660143, 2117.47717702],
       [5298.22464633, 2142.16569084],
       [5332.93080152, 2169.08654433],
       [5365.87809766, 2198.13349317],
       [5396.93650683, 2229.19190234],
       [5425.98345567, 2262.13919848],
       [5452.90430916, 2296.84535367],
       [5477.59282298, 2333.17339857],
       [5499.95156284, 2370.97996297],
       [5519.89228901, 2410.11584165],
       [5537.33630456, 2450.42658317],
       [5552.21476593, 2491.75309944],
       [5564.46895463, 2533.9322936 ],
       [5574.05050897, 2576.79770363],
       [5580.92161494, 2620.18015933],
       [5585.05515542, 2663.90844999]])]