[array([[4199.81639647, 7392.56      ],
       [4198.83568761, 7423.76666194],
       [4195.89743144, 7454.85016544],
       [4191.01322391, 7485.68783812],
       [4184.20234077, 7516.15797776],
       [4175.49166144, 7546.14033265],
       [4164.91556301, 7575.51657614],
       [4152.51578451, 7604.1707736 ],
       [4138.34126219, 7631.98984002],
       [4122.44793642, 7658.86398624],
       [4104.89853089, 7684.68715229],
       [4085.76230509, 7709.35742593],
       [4065.11478097, 7732.77744486],
       [4043.03744486, 7754.85478097],
       [4019.61742593, 7775.50230509],
       [3994.94715229, 7794.63853089],
       [3969.12398624, 7812.18793642],
       [3942.24984002, 7828.08126219],
       [3914.4307736 , 7842.25578451],
       [3885.77657614, 7854.65556301],
       [3856.40033265, 7865.23166144],
       [3826.41797776, 7873.94234077],
       [3795.94783812, 7880.75322391],
       [3765.11016544, 7885.63743144],
       [3734.02666194, 7888.57568761],
       [3702.82      , 7889.55639647],
       [3671.61333806, 7888.57568761],
       [3640.52983456, 7885.63743144],
       [3609.69216188, 7880.75322391],
       [3579.22202224, 7873.94234077],
       [3549.23966735, 7865.23166144],
       [3519.86342386, 7854.65556301],
       [3491.2092264 , 7842.25578451],
       [3463.39015998, 7828.08126219],
       [3436.51601376, 7812.18793642],
       [3410.69284771, 7794.63853089],
       [3386.02257407, 7775.50230509],
       [3362.60255514, 7754.85478097],
       [3340.52521903, 7732.77744486],
       [3319.87769491, 7709.35742593],
       [3300.74146911, 7684.68715229],
       [3283.19206358, 7658.86398624],
       [3267.29873781, 7631.98984002],
       [3253.12421549, 7604.1707736 ],
       [3240.72443699, 7575.51657614],
       [3230.14833856, 7546.14033265],
       [3221.43765923, 7516.15797776],
       [3214.62677609, 7485.68783812],
       [3209.74256856, 7454.85016544],
       [3206.80431239, 7423.76666194],
       [3205.82360353, 7392.56      ],
       [3206.80431239, 7361.35333806],
       [3209.74256856, 7330.26983456],
       [3214.62677609, 7299.43216188],
       [3221.43765923, 7268.96202224],
       [3230.14833856, 7238.97966735],
       [3240.72443699, 7209.60342386],
       [3253.12421549, 7180.9492264 ],
       [3267.29873781, 7153.13015998],
       [3283.19206358, 7126.25601376],
       [3300.74146911, 7100.43284771],
       [3319.87769491, 7075.76257407],
       [3340.52521903, 7052.34255514],
       [3362.60255514, 7030.26521903],
       [3386.02257407, 7009.61769491],
       [3410.69284771, 6990.48146911],
       [3436.51601376, 6972.93206358],
       [3463.39015998, 6957.03873781],
       [3491.2092264 , 6942.86421549],
       [3519.86342386, 6930.46443699],
       [3549.23966735, 6919.88833856],
       [3579.22202224, 6911.17765923],
       [3609.69216188, 6904.36677609],
       [3640.52983456, 6899.48256856],
       [3671.61333806, 6896.54431239],
       [3702.82      , 6895.56360353],
       [3734.02666194, 6896.54431239],
       [3765.11016544, 6899.48256856],
       [3795.94783812, 6904.36677609],
       [3826.41797776, 6911.17765923],
       [3856.40033265, 6919.88833856],
       [3885.77657614, 6930.46443699],
       [3914.4307736 , 6942.86421549],
       [3942.24984002, 6957.03873781],
       [3969.12398624, 6972.93206358],
       [3994.94715229, 6990.48146911],
       [4019.61742593, 7009.61769491],
       [4043.03744486, 7030.26521903],
       [4065.11478097, 7052.34255514],
       [4085.76230509, 7075.76257407],
       [4104.89853089, 7100.43284771],
       [4122.44793642, 7126.25601376],
       [4138.34126219, 7153.13015998],
       [4152.51578451, 7180.9492264 ],
       [4164.91556301, 7209.60342386],
       [4175.49166144, 7238.97966735],
       [4184.20234077, 7268.96202224],
       [4191.01322391, 7299.43216188],
       [4195.89743144, 7330.26983456],
       [4198.83568761, 7361.35333806]])]