[array([[4379.45635813, 9178.39      ],
       [4378.43754547, 9210.80914446],
       [4375.38512828, 9243.10034537],
       [4370.31115306, 9275.13616412],
       [4363.23564447, 9306.79016995],
       [4354.1865263 , 9337.93743897],
       [4343.1995113 , 9368.45504713],
       [4330.3179602 , 9398.2225554 ],
       [4315.59271058, 9427.12248499],
       [4299.08187628, 9455.0407811 ],
       [4280.85061803, 9481.86726297],
       [4260.97088627, 9507.49605873],
       [4239.52113722, 9531.82602323],
       [4216.58602323, 9554.76113722],
       [4192.25605873, 9576.21088627],
       [4166.62726297, 9596.09061803],
       [4139.8007811 , 9614.32187628],
       [4111.88248499, 9630.83271058],
       [4082.9825554 , 9645.5579602 ],
       [4053.21504713, 9658.4395113 ],
       [4022.69743897, 9669.4265263 ],
       [3991.55016995, 9678.47564447],
       [3959.89616412, 9685.55115306],
       [3927.86034537, 9690.62512828],
       [3895.56914446, 9693.67754547],
       [3863.15      , 9694.69635813],
       [3830.73085554, 9693.67754547],
       [3798.43965463, 9690.62512828],
       [3766.40383588, 9685.55115306],
       [3734.74983005, 9678.47564447],
       [3703.60256103, 9669.4265263 ],
       [3673.08495287, 9658.4395113 ],
       [3643.3174446 , 9645.5579602 ],
       [3614.41751501, 9630.83271058],
       [3586.4992189 , 9614.32187628],
       [3559.67273703, 9596.09061803],
       [3534.04394127, 9576.21088627],
       [3509.71397677, 9554.76113722],
       [3486.77886278, 9531.82602323],
       [3465.32911373, 9507.49605873],
       [3445.44938197, 9481.86726297],
       [3427.21812372, 9455.0407811 ],
       [3410.70728942, 9427.12248499],
       [3395.9820398 , 9398.2225554 ],
       [3383.1004887 , 9368.45504713],
       [3372.1134737 , 9337.93743897],
       [3363.06435553, 9306.79016995],
       [3355.98884694, 9275.13616412],
       [3350.91487172, 9243.10034537],
       [3347.86245453, 9210.80914446],
       [3346.84364187, 9178.39      ],
       [3347.86245453, 9145.97085554],
       [3350.91487172, 9113.67965463],
       [3355.98884694, 9081.64383588],
       [3363.06435553, 9049.98983005],
       [3372.1134737 , 9018.84256103],
       [3383.1004887 , 8988.32495287],
       [3395.9820398 , 8958.5574446 ],
       [3410.70728942, 8929.65751501],
       [3427.21812372, 8901.7392189 ],
       [3445.44938197, 8874.91273703],
       [3465.32911373, 8849.28394127],
       [3486.77886278, 8824.95397677],
       [3509.71397677, 8802.01886278],
       [3534.04394127, 8780.56911373],
       [3559.67273703, 8760.68938197],
       [3586.4992189 , 8742.45812372],
       [3614.41751501, 8725.94728942],
       [3643.3174446 , 8711.2220398 ],
       [3673.08495287, 8698.3404887 ],
       [3703.60256103, 8687.3534737 ],
       [3734.74983005, 8678.30435553],
       [3766.40383588, 8671.22884694],
       [3798.43965463, 8666.15487172],
       [3830.73085554, 8663.10245453],
       [3863.15      , 8662.08364187],
       [3895.56914446, 8663.10245453],
       [3927.86034537, 8666.15487172],
       [3959.89616412, 8671.22884694],
       [3991.55016995, 8678.30435553],
       [4022.69743897, 8687.3534737 ],
       [4053.21504713, 8698.3404887 ],
       [4082.9825554 , 8711.2220398 ],
       [4111.88248499, 8725.94728942],
       [4139.8007811 , 8742.45812372],
       [4166.62726297, 8760.68938197],
       [4192.25605873, 8780.56911373],
       [4216.58602323, 8802.01886278],
       [4239.52113722, 8824.95397677],
       [4260.97088627, 8849.28394127],
       [4280.85061803, 8874.91273703],
       [4299.08187628, 8901.7392189 ],
       [4315.59271058, 8929.65751501],
       [4330.3179602 , 8958.5574446 ],
       [4343.1995113 , 8988.32495287],
       [4354.1865263 , 9018.84256103],
       [4363.23564447, 9049.98983005],
       [4370.31115306, 9081.64383588],
       [4375.38512828, 9113.67965463],
       [4378.43754547, 9145.97085554]])]