[array([[ 6226.52352367, 12259.08      ],
       [ 6225.51152439, 12291.28233919],
       [ 6222.47952045, 12323.35759047],
       [ 6217.43947779, 12355.17916745],
       [ 6210.41128715, 12386.62148493],
       [ 6201.42268559, 12417.56045444],
       [ 6190.50914701, 12447.87397399],
       [ 6177.71374217, 12477.44240998],
       [ 6163.08696867, 12506.1490693 ],
       [ 6146.68655172, 12533.88065988],
       [ 6128.57721627, 12560.5277378 ],
       [ 6108.83043159, 12585.98513921],
       [ 6087.52412922, 12610.15239539],
       [ 6064.74239539, 12632.93412922],
       [ 6040.57513921, 12654.24043159],
       [ 6015.1177378 , 12673.98721627],
       [ 5988.47065988, 12692.09655172],
       [ 5960.7390693 , 12708.49696867],
       [ 5932.03240998, 12723.12374217],
       [ 5902.46397399, 12735.91914701],
       [ 5872.15045444, 12746.83268559],
       [ 5841.21148493, 12755.82128715],
       [ 5809.76916745, 12762.84947779],
       [ 5777.94759047, 12767.88952045],
       [ 5745.87233919, 12770.92152439],
       [ 5713.67      , 12771.93352367],
       [ 5681.46766081, 12770.92152439],
       [ 5649.39240953, 12767.88952045],
       [ 5617.57083255, 12762.84947779],
       [ 5586.12851507, 12755.82128715],
       [ 5555.18954556, 12746.83268559],
       [ 5524.87602601, 12735.91914701],
       [ 5495.30759002, 12723.12374217],
       [ 5466.6009307 , 12708.49696867],
       [ 5438.86934012, 12692.09655172],
       [ 5412.2222622 , 12673.98721627],
       [ 5386.76486079, 12654.24043159],
       [ 5362.59760461, 12632.93412922],
       [ 5339.81587078, 12610.15239539],
       [ 5318.50956841, 12585.98513921],
       [ 5298.76278373, 12560.5277378 ],
       [ 5280.65344828, 12533.88065988],
       [ 5264.25303133, 12506.1490693 ],
       [ 5249.62625783, 12477.44240998],
       [ 5236.83085299, 12447.87397399],
       [ 5225.91731441, 12417.56045444],
       [ 5216.92871285, 12386.62148493],
       [ 5209.90052221, 12355.17916745],
       [ 5204.86047955, 12323.35759047],
       [ 5201.82847561, 12291.28233919],
       [ 5200.81647633, 12259.08      ],
       [ 5201.82847561, 12226.87766081],
       [ 5204.86047955, 12194.80240953],
       [ 5209.90052221, 12162.98083255],
       [ 5216.92871285, 12131.53851507],
       [ 5225.91731441, 12100.59954556],
       [ 5236.83085299, 12070.28602601],
       [ 5249.62625783, 12040.71759002],
       [ 5264.25303133, 12012.0109307 ],
       [ 5280.65344828, 11984.27934012],
       [ 5298.76278373, 11957.6322622 ],
       [ 5318.50956841, 11932.17486079],
       [ 5339.81587078, 11908.00760461],
       [ 5362.59760461, 11885.22587078],
       [ 5386.76486079, 11863.91956841],
       [ 5412.2222622 , 11844.17278373],
       [ 5438.86934012, 11826.06344828],
       [ 5466.6009307 , 11809.66303133],
       [ 5495.30759002, 11795.03625783],
       [ 5524.87602601, 11782.24085299],
       [ 5555.18954556, 11771.32731441],
       [ 5586.12851507, 11762.33871285],
       [ 5617.57083255, 11755.31052221],
       [ 5649.39240953, 11750.27047955],
       [ 5681.46766081, 11747.23847561],
       [ 5713.67      , 11746.22647633],
       [ 5745.87233919, 11747.23847561],
       [ 5777.94759047, 11750.27047955],
       [ 5809.76916745, 11755.31052221],
       [ 5841.21148493, 11762.33871285],
       [ 5872.15045444, 11771.32731441],
       [ 5902.46397399, 11782.24085299],
       [ 5932.03240998, 11795.03625783],
       [ 5960.7390693 , 11809.66303133],
       [ 5988.47065988, 11826.06344828],
       [ 6015.1177378 , 11844.17278373],
       [ 6040.57513921, 11863.91956841],
       [ 6064.74239539, 11885.22587078],
       [ 6087.52412922, 11908.00760461],
       [ 6108.83043159, 11932.17486079],
       [ 6128.57721627, 11957.6322622 ],
       [ 6146.68655172, 11984.27934012],
       [ 6163.08696867, 12012.0109307 ],
       [ 6177.71374217, 12040.71759002],
       [ 6190.50914701, 12070.28602601],
       [ 6201.42268559, 12100.59954556],
       [ 6210.41128715, 12131.53851507],
       [ 6217.43947779, 12162.98083255],
       [ 6222.47952045, 12194.80240953],
       [ 6225.51152439, 12226.87766081]])]