[array([[10215.12343055, 10287.78      ],
       [10214.11545693, 10319.85424069],
       [10211.09551408, 10351.801899  ],
       [10206.07552033, 10383.49689212],
       [10199.07528731, 10414.81413441],
       [10190.12244174, 10445.630031  ],
       [10179.2523164 , 10475.82296563],
       [10166.50781073, 10505.27378058],
       [10151.93922145, 10533.86624695],
       [10135.60404414, 10561.48752333],
       [10117.56674627, 10588.02860115],
       [10097.89851283, 10613.38473492],
       [10076.67696534, 10637.45585555],
       [10053.98585555, 10660.14696534],
       [10029.91473492, 10681.36851283],
       [10004.55860115, 10701.03674627],
       [ 9978.01752333, 10719.07404414],
       [ 9950.39624695, 10735.40922145],
       [ 9921.80378058, 10749.97781073],
       [ 9892.35296563, 10762.7223164 ],
       [ 9862.160031  , 10773.59244174],
       [ 9831.34413441, 10782.54528731],
       [ 9800.02689212, 10789.54552033],
       [ 9768.331899  , 10794.56551408],
       [ 9736.38424069, 10797.58545693],
       [ 9704.31      , 10798.59343055],
       [ 9672.23575931, 10797.58545693],
       [ 9640.288101  , 10794.56551408],
       [ 9608.59310788, 10789.54552033],
       [ 9577.27586559, 10782.54528731],
       [ 9546.459969  , 10773.59244174],
       [ 9516.26703437, 10762.7223164 ],
       [ 9486.81621942, 10749.97781073],
       [ 9458.22375305, 10735.40922145],
       [ 9430.60247667, 10719.07404414],
       [ 9404.06139885, 10701.03674627],
       [ 9378.70526508, 10681.36851283],
       [ 9354.63414445, 10660.14696534],
       [ 9331.94303466, 10637.45585555],
       [ 9310.72148717, 10613.38473492],
       [ 9291.05325373, 10588.02860115],
       [ 9273.01595586, 10561.48752333],
       [ 9256.68077855, 10533.86624695],
       [ 9242.11218927, 10505.27378058],
       [ 9229.3676836 , 10475.82296563],
       [ 9218.49755826, 10445.630031  ],
       [ 9209.54471269, 10414.81413441],
       [ 9202.54447967, 10383.49689212],
       [ 9197.52448592, 10351.801899  ],
       [ 9194.50454307, 10319.85424069],
       [ 9193.49656945, 10287.78      ],
       [ 9194.50454307, 10255.70575931],
       [ 9197.52448592, 10223.758101  ],
       [ 9202.54447967, 10192.06310788],
       [ 9209.54471269, 10160.74586559],
       [ 9218.49755826, 10129.929969  ],
       [ 9229.3676836 , 10099.73703437],
       [ 9242.11218927, 10070.28621942],
       [ 9256.68077855, 10041.69375305],
       [ 9273.01595586, 10014.07247667],
       [ 9291.05325373,  9987.53139885],
       [ 9310.72148717,  9962.17526508],
       [ 9331.94303466,  9938.10414445],
       [ 9354.63414445,  9915.41303466],
       [ 9378.70526508,  9894.19148717],
       [ 9404.06139885,  9874.52325373],
       [ 9430.60247667,  9856.48595586],
       [ 9458.22375305,  9840.15077855],
       [ 9486.81621942,  9825.58218927],
       [ 9516.26703437,  9812.8376836 ],
       [ 9546.459969  ,  9801.96755826],
       [ 9577.27586559,  9793.01471269],
       [ 9608.59310788,  9786.01447967],
       [ 9640.288101  ,  9780.99448592],
       [ 9672.23575931,  9777.97454307],
       [ 9704.31      ,  9776.96656945],
       [ 9736.38424069,  9777.97454307],
       [ 9768.331899  ,  9780.99448592],
       [ 9800.02689212,  9786.01447967],
       [ 9831.34413441,  9793.01471269],
       [ 9862.160031  ,  9801.96755826],
       [ 9892.35296563,  9812.8376836 ],
       [ 9921.80378058,  9825.58218927],
       [ 9950.39624695,  9840.15077855],
       [ 9978.01752333,  9856.48595586],
       [10004.55860115,  9874.52325373],
       [10029.91473492,  9894.19148717],
       [10053.98585555,  9915.41303466],
       [10076.67696534,  9938.10414445],
       [10097.89851283,  9962.17526508],
       [10117.56674627,  9987.53139885],
       [10135.60404414, 10014.07247667],
       [10151.93922145, 10041.69375305],
       [10166.50781073, 10070.28621942],
       [10179.2523164 , 10099.73703437],
       [10190.12244174, 10129.929969  ],
       [10199.07528731, 10160.74586559],
       [10206.07552033, 10192.06310788],
       [10211.09551408, 10223.758101  ],
       [10214.11545693, 10255.70575931]])]