[array([[ 7137.73284018,  9908.76      ],
       [ 7136.68449458,  9942.11889765],
       [ 7133.54359515,  9975.34614296],
       [ 7128.32253756, 10008.3106032 ],
       [ 7121.04192696, 10040.88218268],
       [ 7111.73049658, 10072.93233626],
       [ 7100.42499439, 10104.33457664],
       [ 7087.17003803, 10134.96497352],
       [ 7072.01793877, 10164.70264271],
       [ 7055.02849502, 10193.43022321],
       [ 7036.26875635, 10221.0343404 ],
       [ 7015.81275888, 10247.40605343],
       [ 6993.74123309, 10272.4412852 ],
       [ 6970.1412852 , 10296.04123309],
       [ 6945.10605343, 10318.11275888],
       [ 6918.7343404 , 10338.56875635],
       [ 6891.13022321, 10357.32849502],
       [ 6862.40264271, 10374.31793877],
       [ 6832.66497352, 10389.47003803],
       [ 6802.03457664, 10402.72499439],
       [ 6770.63233626, 10414.03049658],
       [ 6738.58218268, 10423.34192696],
       [ 6706.0106032 , 10430.62253756],
       [ 6673.04614296, 10435.84359515],
       [ 6639.81889765, 10438.98449458],
       [ 6606.46      , 10440.03284018],
       [ 6573.10110235, 10438.98449458],
       [ 6539.87385704, 10435.84359515],
       [ 6506.9093968 , 10430.62253756],
       [ 6474.33781732, 10423.34192696],
       [ 6442.28766374, 10414.03049658],
       [ 6410.88542336, 10402.72499439],
       [ 6380.25502648, 10389.47003803],
       [ 6350.51735729, 10374.31793877],
       [ 6321.78977679, 10357.32849502],
       [ 6294.1856596 , 10338.56875635],
       [ 6267.81394657, 10318.11275888],
       [ 6242.7787148 , 10296.04123309],
       [ 6219.17876691, 10272.4412852 ],
       [ 6197.10724112, 10247.40605343],
       [ 6176.65124365, 10221.0343404 ],
       [ 6157.89150498, 10193.43022321],
       [ 6140.90206123, 10164.70264271],
       [ 6125.74996197, 10134.96497352],
       [ 6112.49500561, 10104.33457664],
       [ 6101.18950342, 10072.93233626],
       [ 6091.87807304, 10040.88218268],
       [ 6084.59746244, 10008.3106032 ],
       [ 6079.37640485,  9975.34614296],
       [ 6076.23550542,  9942.11889765],
       [ 6075.18715982,  9908.76      ],
       [ 6076.23550542,  9875.40110235],
       [ 6079.37640485,  9842.17385704],
       [ 6084.59746244,  9809.2093968 ],
       [ 6091.87807304,  9776.63781732],
       [ 6101.18950342,  9744.58766374],
       [ 6112.49500561,  9713.18542336],
       [ 6125.74996197,  9682.55502648],
       [ 6140.90206123,  9652.81735729],
       [ 6157.89150498,  9624.08977679],
       [ 6176.65124365,  9596.4856596 ],
       [ 6197.10724112,  9570.11394657],
       [ 6219.17876691,  9545.0787148 ],
       [ 6242.7787148 ,  9521.47876691],
       [ 6267.81394657,  9499.40724112],
       [ 6294.1856596 ,  9478.95124365],
       [ 6321.78977679,  9460.19150498],
       [ 6350.51735729,  9443.20206123],
       [ 6380.25502648,  9428.04996197],
       [ 6410.88542336,  9414.79500561],
       [ 6442.28766374,  9403.48950342],
       [ 6474.33781732,  9394.17807304],
       [ 6506.9093968 ,  9386.89746244],
       [ 6539.87385704,  9381.67640485],
       [ 6573.10110235,  9378.53550542],
       [ 6606.46      ,  9377.48715982],
       [ 6639.81889765,  9378.53550542],
       [ 6673.04614296,  9381.67640485],
       [ 6706.0106032 ,  9386.89746244],
       [ 6738.58218268,  9394.17807304],
       [ 6770.63233626,  9403.48950342],
       [ 6802.03457664,  9414.79500561],
       [ 6832.66497352,  9428.04996197],
       [ 6862.40264271,  9443.20206123],
       [ 6891.13022321,  9460.19150498],
       [ 6918.7343404 ,  9478.95124365],
       [ 6945.10605343,  9499.40724112],
       [ 6970.1412852 ,  9521.47876691],
       [ 6993.74123309,  9545.0787148 ],
       [ 7015.81275888,  9570.11394657],
       [ 7036.26875635,  9596.4856596 ],
       [ 7055.02849502,  9624.08977679],
       [ 7072.01793877,  9652.81735729],
       [ 7087.17003803,  9682.55502648],
       [ 7100.42499439,  9713.18542336],
       [ 7111.73049658,  9744.58766374],
       [ 7121.04192696,  9776.63781732],
       [ 7128.32253756,  9809.2093968 ],
       [ 7133.54359515,  9842.17385704],
       [ 7136.68449458,  9875.40110235]])]