[array([[2253.05760223, 3962.9       ],
       [2251.76055583, 4004.17268583],
       [2247.87453546, 4045.28248723],
       [2241.41487748, 4086.06716259],
       [2232.4070752 , 4126.36575343],
       [2220.88667831, 4166.01921962],
       [2206.89915255, 4204.87106705],
       [2190.49970029, 4242.76796522],
       [2171.75304268, 4279.56035239],
       [2150.73316421, 4315.10302582],
       [2127.52302074, 4349.25571481],
       [2102.2142121 , 4381.88363431],
       [2074.90662059, 4412.85801681],
       [2045.70801681, 4442.05662059],
       [2014.73363431, 4469.3642121 ],
       [1982.10571481, 4494.67302074],
       [1947.95302582, 4517.88316421],
       [1912.41035239, 4538.90304268],
       [1875.61796522, 4557.64970029],
       [1837.72106705, 4574.04915255],
       [1798.86921962, 4588.03667831],
       [1759.21575343, 4599.5570752 ],
       [1718.91716259, 4608.56487748],
       [1678.13248723, 4615.02453546],
       [1637.02268583, 4618.91055583],
       [1595.75      , 4620.20760223],
       [1554.47731417, 4618.91055583],
       [1513.36751277, 4615.02453546],
       [1472.58283741, 4608.56487748],
       [1432.28424657, 4599.5570752 ],
       [1392.63078038, 4588.03667831],
       [1353.77893295, 4574.04915255],
       [1315.88203478, 4557.64970029],
       [1279.08964761, 4538.90304268],
       [1243.54697418, 4517.88316421],
       [1209.39428519, 4494.67302074],
       [1176.76636569, 4469.3642121 ],
       [1145.79198319, 4442.05662059],
       [1116.59337941, 4412.85801681],
       [1089.2857879 , 4381.88363431],
       [1063.97697926, 4349.25571481],
       [1040.76683579, 4315.10302582],
       [1019.74695732, 4279.56035239],
       [1001.00029971, 4242.76796522],
       [ 984.60084745, 4204.87106705],
       [ 970.61332169, 4166.01921962],
       [ 959.0929248 , 4126.36575343],
       [ 950.08512252, 4086.06716259],
       [ 943.62546454, 4045.28248723],
       [ 939.73944417, 4004.17268583],
       [ 938.44239777, 3962.9       ],
       [ 939.73944417, 3921.62731417],
       [ 943.62546454, 3880.51751277],
       [ 950.08512252, 3839.73283741],
       [ 959.0929248 , 3799.43424657],
       [ 970.61332169, 3759.78078038],
       [ 984.60084745, 3720.92893295],
       [1001.00029971, 3683.03203478],
       [1019.74695732, 3646.23964761],
       [1040.76683579, 3610.69697418],
       [1063.97697926, 3576.54428519],
       [1089.2857879 , 3543.91636569],
       [1116.59337941, 3512.94198319],
       [1145.79198319, 3483.74337941],
       [1176.76636569, 3456.4357879 ],
       [1209.39428519, 3431.12697926],
       [1243.54697418, 3407.91683579],
       [1279.08964761, 3386.89695732],
       [1315.88203478, 3368.15029971],
       [1353.77893295, 3351.75084745],
       [1392.63078038, 3337.76332169],
       [1432.28424657, 3326.2429248 ],
       [1472.58283741, 3317.23512252],
       [1513.36751277, 3310.77546454],
       [1554.47731417, 3306.88944417],
       [1595.75      , 3305.59239777],
       [1637.02268583, 3306.88944417],
       [1678.13248723, 3310.77546454],
       [1718.91716259, 3317.23512252],
       [1759.21575343, 3326.2429248 ],
       [1798.86921962, 3337.76332169],
       [1837.72106705, 3351.75084745],
       [1875.61796522, 3368.15029971],
       [1912.41035239, 3386.89695732],
       [1947.95302582, 3407.91683579],
       [1982.10571481, 3431.12697926],
       [2014.73363431, 3456.4357879 ],
       [2045.70801681, 3483.74337941],
       [2074.90662059, 3512.94198319],
       [2102.2142121 , 3543.91636569],
       [2127.52302074, 3576.54428519],
       [2150.73316421, 3610.69697418],
       [2171.75304268, 3646.23964761],
       [2190.49970029, 3683.03203478],
       [2206.89915255, 3720.92893295],
       [2220.88667831, 3759.78078038],
       [2232.4070752 , 3799.43424657],
       [2241.41487748, 3839.73283741],
       [2247.87453546, 3880.51751277],
       [2251.76055583, 3921.62731417]])]