[array([[5996.61916456, 3777.8       ],
       [5995.62840629, 3809.32643949],
       [5992.66004154, 3840.72845853],
       [5987.72578508, 3871.8821277 ],
       [5980.84511018, 3902.66449768],
       [5972.04517172, 3932.95408454],
       [5961.36069903, 3962.63134911],
       [5948.83385885, 3991.57916879],
       [5934.51408889, 4019.68329976],
       [5918.45790273, 4046.83282784],
       [5900.72866682, 4072.92060627],
       [5881.39635035, 4097.84367849],
       [5860.53724914, 4121.50368452],
       [5838.23368452, 4143.80724914],
       [5814.57367849, 4164.66635035],
       [5789.65060627, 4183.99866682],
       [5763.56282784, 4201.72790273],
       [5736.41329976, 4217.78408889],
       [5708.30916879, 4232.10385885],
       [5679.36134911, 4244.63069903],
       [5649.68408454, 4255.31517172],
       [5619.39449768, 4264.11511018],
       [5588.6121277 , 4270.99578508],
       [5557.45845853, 4275.93004154],
       [5526.05643949, 4278.89840629],
       [5494.53      , 4279.88916456],
       [5463.00356051, 4278.89840629],
       [5431.60154147, 4275.93004154],
       [5400.4478723 , 4270.99578508],
       [5369.66550232, 4264.11511018],
       [5339.37591546, 4255.31517172],
       [5309.69865089, 4244.63069903],
       [5280.75083121, 4232.10385885],
       [5252.64670024, 4217.78408889],
       [5225.49717216, 4201.72790273],
       [5199.40939373, 4183.99866682],
       [5174.48632151, 4164.66635035],
       [5150.82631548, 4143.80724914],
       [5128.52275086, 4121.50368452],
       [5107.66364965, 4097.84367849],
       [5088.33133318, 4072.92060627],
       [5070.60209727, 4046.83282784],
       [5054.54591111, 4019.68329976],
       [5040.22614115, 3991.57916879],
       [5027.69930097, 3962.63134911],
       [5017.01482828, 3932.95408454],
       [5008.21488982, 3902.66449768],
       [5001.33421492, 3871.8821277 ],
       [4996.39995846, 3840.72845853],
       [4993.43159371, 3809.32643949],
       [4992.44083544, 3777.8       ],
       [4993.43159371, 3746.27356051],
       [4996.39995846, 3714.87154147],
       [5001.33421492, 3683.7178723 ],
       [5008.21488982, 3652.93550232],
       [5017.01482828, 3622.64591546],
       [5027.69930097, 3592.96865089],
       [5040.22614115, 3564.02083121],
       [5054.54591111, 3535.91670024],
       [5070.60209727, 3508.76717216],
       [5088.33133318, 3482.67939373],
       [5107.66364965, 3457.75632151],
       [5128.52275086, 3434.09631548],
       [5150.82631548, 3411.79275086],
       [5174.48632151, 3390.93364965],
       [5199.40939373, 3371.60133318],
       [5225.49717216, 3353.87209727],
       [5252.64670024, 3337.81591111],
       [5280.75083121, 3323.49614115],
       [5309.69865089, 3310.96930097],
       [5339.37591546, 3300.28482828],
       [5369.66550232, 3291.48488982],
       [5400.4478723 , 3284.60421492],
       [5431.60154147, 3279.66995846],
       [5463.00356051, 3276.70159371],
       [5494.53      , 3275.71083544],
       [5526.05643949, 3276.70159371],
       [5557.45845853, 3279.66995846],
       [5588.6121277 , 3284.60421492],
       [5619.39449768, 3291.48488982],
       [5649.68408454, 3300.28482828],
       [5679.36134911, 3310.96930097],
       [5708.30916879, 3323.49614115],
       [5736.41329976, 3337.81591111],
       [5763.56282784, 3353.87209727],
       [5789.65060627, 3371.60133318],
       [5814.57367849, 3390.93364965],
       [5838.23368452, 3411.79275086],
       [5860.53724914, 3434.09631548],
       [5881.39635035, 3457.75632151],
       [5900.72866682, 3482.67939373],
       [5918.45790273, 3508.76717216],
       [5934.51408889, 3535.91670024],
       [5948.83385885, 3564.02083121],
       [5961.36069903, 3592.96865089],
       [5972.04517172, 3622.64591546],
       [5980.84511018, 3652.93550232],
       [5987.72578508, 3683.7178723 ],
       [5992.66004154, 3714.87154147],
       [5995.62840629, 3746.27356051]])]