[array([[2983.37258635, 2400.63      ],
       [2982.27354791, 2435.60197016],
       [2978.98077   , 2470.43592192],
       [2973.50724771, 2504.99438161],
       [2965.87458252, 2539.14096275],
       [2956.11289708, 2572.74090441],
       [2944.26071631, 2605.66160296],
       [2930.36481534, 2637.77313544],
       [2914.48003495, 2668.94877231],
       [2896.66906512, 2699.06547757],
       [2877.00219759, 2728.00439434],
       [2855.55704851, 2755.65131393],
       [2832.4182521 , 2781.8971266 ],
       [2807.6771266 , 2806.6382521 ],
       [2781.43131393, 2829.77704851],
       [2753.78439434, 2851.22219759],
       [2724.84547757, 2870.88906512],
       [2694.72877231, 2888.70003495],
       [2663.55313544, 2904.58481534],
       [2631.44160296, 2918.48071631],
       [2598.52090441, 2930.33289708],
       [2564.92096275, 2940.09458252],
       [2530.77438161, 2947.72724771],
       [2496.21592192, 2953.20077   ],
       [2461.38197016, 2956.49354791],
       [2426.41      , 2957.59258635],
       [2391.43802984, 2956.49354791],
       [2356.60407808, 2953.20077   ],
       [2322.04561839, 2947.72724771],
       [2287.89903725, 2940.09458252],
       [2254.29909559, 2930.33289708],
       [2221.37839704, 2918.48071631],
       [2189.26686456, 2904.58481534],
       [2158.09122769, 2888.70003495],
       [2127.97452243, 2870.88906512],
       [2099.03560566, 2851.22219759],
       [2071.38868607, 2829.77704851],
       [2045.1428734 , 2806.6382521 ],
       [2020.4017479 , 2781.8971266 ],
       [1997.26295149, 2755.65131393],
       [1975.81780241, 2728.00439434],
       [1956.15093488, 2699.06547757],
       [1938.33996505, 2668.94877231],
       [1922.45518466, 2637.77313544],
       [1908.55928369, 2605.66160296],
       [1896.70710292, 2572.74090441],
       [1886.94541748, 2539.14096275],
       [1879.31275229, 2504.99438161],
       [1873.83923   , 2470.43592192],
       [1870.54645209, 2435.60197016],
       [1869.44741365, 2400.63      ],
       [1870.54645209, 2365.65802984],
       [1873.83923   , 2330.82407808],
       [1879.31275229, 2296.26561839],
       [1886.94541748, 2262.11903725],
       [1896.70710292, 2228.51909559],
       [1908.55928369, 2195.59839704],
       [1922.45518466, 2163.48686456],
       [1938.33996505, 2132.31122769],
       [1956.15093488, 2102.19452243],
       [1975.81780241, 2073.25560566],
       [1997.26295149, 2045.60868607],
       [2020.4017479 , 2019.3628734 ],
       [2045.1428734 , 1994.6217479 ],
       [2071.38868607, 1971.48295149],
       [2099.03560566, 1950.03780241],
       [2127.97452243, 1930.37093488],
       [2158.09122769, 1912.55996505],
       [2189.26686456, 1896.67518466],
       [2221.37839704, 1882.77928369],
       [2254.29909559, 1870.92710292],
       [2287.89903725, 1861.16541748],
       [2322.04561839, 1853.53275229],
       [2356.60407808, 1848.05923   ],
       [2391.43802984, 1844.76645209],
       [2426.41      , 1843.66741365],
       [2461.38197016, 1844.76645209],
       [2496.21592192, 1848.05923   ],
       [2530.77438161, 1853.53275229],
       [2564.92096275, 1861.16541748],
       [2598.52090441, 1870.92710292],
       [2631.44160296, 1882.77928369],
       [2663.55313544, 1896.67518466],
       [2694.72877231, 1912.55996505],
       [2724.84547757, 1930.37093488],
       [2753.78439434, 1950.03780241],
       [2781.43131393, 1971.48295149],
       [2807.6771266 , 1994.6217479 ],
       [2832.4182521 , 2019.3628734 ],
       [2855.55704851, 2045.60868607],
       [2877.00219759, 2073.25560566],
       [2896.66906512, 2102.19452243],
       [2914.48003495, 2132.31122769],
       [2930.36481534, 2163.48686456],
       [2944.26071631, 2195.59839704],
       [2956.11289708, 2228.51909559],
       [2965.87458252, 2262.11903725],
       [2973.50724771, 2296.26561839],
       [2978.98077   , 2330.82407808],
       [2982.27354791, 2365.65802984]])]