[array([[3061.45800102, 3965.62      ],
       [3060.52863352, 3995.19295337],
       [3057.74419881, 4024.64919581],
       [3053.11568578, 4053.87247697],
       [3046.66136105, 4082.74746593],
       [3038.40669691, 4111.16020629],
       [3028.38427072, 4138.99856595],
       [3016.63363644, 4166.15267962],
       [3003.20116845, 4192.51538241],
       [2988.13987856, 4217.98263279],
       [2971.50920681, 4242.45392316],
       [2953.37478685, 4265.8326765 ],
       [2933.80818695, 4288.02662756],
       [2912.88662756, 4308.94818695],
       [2890.6926765 , 4328.51478685],
       [2867.31392316, 4346.64920681],
       [2842.84263279, 4363.27987856],
       [2817.37538241, 4378.34116845],
       [2791.01267962, 4391.77363644],
       [2763.85856595, 4403.52427072],
       [2736.02020629, 4413.54669691],
       [2707.60746593, 4421.80136105],
       [2678.73247697, 4428.25568578],
       [2649.50919581, 4432.88419881],
       [2620.05295337, 4435.66863352],
       [2590.48      , 4436.59800102],
       [2560.90704663, 4435.66863352],
       [2531.45080419, 4432.88419881],
       [2502.22752303, 4428.25568578],
       [2473.35253407, 4421.80136105],
       [2444.93979371, 4413.54669691],
       [2417.10143405, 4403.52427072],
       [2389.94732038, 4391.77363644],
       [2363.58461759, 4378.34116845],
       [2338.11736721, 4363.27987856],
       [2313.64607684, 4346.64920681],
       [2290.2673235 , 4328.51478685],
       [2268.07337244, 4308.94818695],
       [2247.15181305, 4288.02662756],
       [2227.58521315, 4265.8326765 ],
       [2209.45079319, 4242.45392316],
       [2192.82012144, 4217.98263279],
       [2177.75883155, 4192.51538241],
       [2164.32636356, 4166.15267962],
       [2152.57572928, 4138.99856595],
       [2142.55330309, 4111.16020629],
       [2134.29863895, 4082.74746593],
       [2127.84431422, 4053.87247697],
       [2123.21580119, 4024.64919581],
       [2120.43136648, 3995.19295337],
       [2119.50199898, 3965.62      ],
       [2120.43136648, 3936.04704663],
       [2123.21580119, 3906.59080419],
       [2127.84431422, 3877.36752303],
       [2134.29863895, 3848.49253407],
       [2142.55330309, 3820.07979371],
       [2152.57572928, 3792.24143405],
       [2164.32636356, 3765.08732038],
       [2177.75883155, 3738.72461759],
       [2192.82012144, 3713.25736721],
       [2209.45079319, 3688.78607684],
       [2227.58521315, 3665.4073235 ],
       [2247.15181305, 3643.21337244],
       [2268.07337244, 3622.29181305],
       [2290.2673235 , 3602.72521315],
       [2313.64607684, 3584.59079319],
       [2338.11736721, 3567.96012144],
       [2363.58461759, 3552.89883155],
       [2389.94732038, 3539.46636356],
       [2417.10143405, 3527.71572928],
       [2444.93979371, 3517.69330309],
       [2473.35253407, 3509.43863895],
       [2502.22752303, 3502.98431422],
       [2531.45080419, 3498.35580119],
       [2560.90704663, 3495.57136648],
       [2590.48      , 3494.64199898],
       [2620.05295337, 3495.57136648],
       [2649.50919581, 3498.35580119],
       [2678.73247697, 3502.98431422],
       [2707.60746593, 3509.43863895],
       [2736.02020629, 3517.69330309],
       [2763.85856595, 3527.71572928],
       [2791.01267962, 3539.46636356],
       [2817.37538241, 3552.89883155],
       [2842.84263279, 3567.96012144],
       [2867.31392316, 3584.59079319],
       [2890.6926765 , 3602.72521315],
       [2912.88662756, 3622.29181305],
       [2933.80818695, 3643.21337244],
       [2953.37478685, 3665.4073235 ],
       [2971.50920681, 3688.78607684],
       [2988.13987856, 3713.25736721],
       [3003.20116845, 3738.72461759],
       [3016.63363644, 3765.08732038],
       [3028.38427072, 3792.24143405],
       [3038.40669691, 3820.07979371],
       [3046.66136105, 3848.49253407],
       [3053.11568578, 3877.36752303],
       [3057.74419881, 3906.59080419],
       [3060.52863352, 3936.04704663]])]