[array([[7864.8200889 , 6554.64      ],
       [7863.52285999, 6595.91849312],
       [7859.63629284, 6637.03407889],
       [7853.17572595, 6677.82449287],
       [7844.16665623, 6718.12875393],
       [7832.64463836, 6757.78779957],
       [7818.65514448, 6796.64511366],
       [7802.25338473, 6834.54734412],
       [7783.50408936, 6871.34490818],
       [7762.48125328, 6906.89258265],
       [7739.26784402, 6941.05007711],
       [7713.9554743 , 6973.68258753],
       [7686.64404047, 7004.66132829],
       [7657.44132829, 7033.86404047],
       [7626.46258753, 7061.1754743 ],
       [7593.83007711, 7086.48784402],
       [7559.67258265, 7109.70125328],
       [7524.12490818, 7130.72408936],
       [7487.32734412, 7149.47338473],
       [7449.42511366, 7165.87514448],
       [7410.56779957, 7179.86463836],
       [7370.90875393, 7191.38665623],
       [7330.60449287, 7200.39572595],
       [7289.81407889, 7206.85629284],
       [7248.69849312, 7210.74285999],
       [7207.42      , 7212.0400889 ],
       [7166.14150688, 7210.74285999],
       [7125.02592111, 7206.85629284],
       [7084.23550713, 7200.39572595],
       [7043.93124607, 7191.38665623],
       [7004.27220043, 7179.86463836],
       [6965.41488634, 7165.87514448],
       [6927.51265588, 7149.47338473],
       [6890.71509182, 7130.72408936],
       [6855.16741735, 7109.70125328],
       [6821.00992289, 7086.48784402],
       [6788.37741247, 7061.1754743 ],
       [6757.39867171, 7033.86404047],
       [6728.19595953, 7004.66132829],
       [6700.8845257 , 6973.68258753],
       [6675.57215598, 6941.05007711],
       [6652.35874672, 6906.89258265],
       [6631.33591064, 6871.34490818],
       [6612.58661527, 6834.54734412],
       [6596.18485552, 6796.64511366],
       [6582.19536164, 6757.78779957],
       [6570.67334377, 6718.12875393],
       [6561.66427405, 6677.82449287],
       [6555.20370716, 6637.03407889],
       [6551.31714001, 6595.91849312],
       [6550.0199111 , 6554.64      ],
       [6551.31714001, 6513.36150688],
       [6555.20370716, 6472.24592111],
       [6561.66427405, 6431.45550713],
       [6570.67334377, 6391.15124607],
       [6582.19536164, 6351.49220043],
       [6596.18485552, 6312.63488634],
       [6612.58661527, 6274.73265588],
       [6631.33591064, 6237.93509182],
       [6652.35874672, 6202.38741735],
       [6675.57215598, 6168.22992289],
       [6700.8845257 , 6135.59741247],
       [6728.19595953, 6104.61867171],
       [6757.39867171, 6075.41595953],
       [6788.37741247, 6048.1045257 ],
       [6821.00992289, 6022.79215598],
       [6855.16741735, 5999.57874672],
       [6890.71509182, 5978.55591064],
       [6927.51265588, 5959.80661527],
       [6965.41488634, 5943.40485552],
       [7004.27220043, 5929.41536164],
       [7043.93124607, 5917.89334377],
       [7084.23550713, 5908.88427405],
       [7125.02592111, 5902.42370716],
       [7166.14150688, 5898.53714001],
       [7207.42      , 5897.2399111 ],
       [7248.69849312, 5898.53714001],
       [7289.81407889, 5902.42370716],
       [7330.60449287, 5908.88427405],
       [7370.90875393, 5917.89334377],
       [7410.56779957, 5929.41536164],
       [7449.42511366, 5943.40485552],
       [7487.32734412, 5959.80661527],
       [7524.12490818, 5978.55591064],
       [7559.67258265, 5999.57874672],
       [7593.83007711, 6022.79215598],
       [7626.46258753, 6048.1045257 ],
       [7657.44132829, 6075.41595953],
       [7686.64404047, 6104.61867171],
       [7713.9554743 , 6135.59741247],
       [7739.26784402, 6168.22992289],
       [7762.48125328, 6202.38741735],
       [7783.50408936, 6237.93509182],
       [7802.25338473, 6274.73265588],
       [7818.65514448, 6312.63488634],
       [7832.64463836, 6351.49220043],
       [7844.16665623, 6391.15124607],
       [7853.17572595, 6431.45550713],
       [7859.63629284, 6472.24592111],
       [7863.52285999, 6513.36150688]])]