[array([[5902.73163656, 6444.09      ],
       [5901.78016124, 6474.36643547],
       [5898.92949033, 6504.52338367],
       [5894.19087412, 6534.44182893],
       [5887.58301377, 6564.00369679],
       [5879.13198748, 6593.09232007],
       [5868.8711476 , 6621.59289927],
       [5856.84098896, 6649.39295562],
       [5843.08898911, 6676.38277499],
       [5827.66942091, 6702.45584091],
       [5810.64313835, 6727.50925489],
       [5792.07733639, 6751.44414256],
       [5772.04528577, 6774.16604384],
       [5750.62604384, 6795.58528577],
       [5727.90414256, 6815.61733639],
       [5703.96925489, 6834.18313835],
       [5678.91584091, 6851.20942091],
       [5652.84277499, 6866.62898911],
       [5625.85295562, 6880.38098896],
       [5598.05289927, 6892.4111476 ],
       [5569.55232007, 6902.67198748],
       [5540.46369679, 6911.12301377],
       [5510.90182893, 6917.73087412],
       [5480.98338367, 6922.46949033],
       [5450.82643547, 6925.32016124],
       [5420.55      , 6926.27163656],
       [5390.27356453, 6925.32016124],
       [5360.11661633, 6922.46949033],
       [5330.19817107, 6917.73087412],
       [5300.63630321, 6911.12301377],
       [5271.54767993, 6902.67198748],
       [5243.04710073, 6892.4111476 ],
       [5215.24704438, 6880.38098896],
       [5188.25722501, 6866.62898911],
       [5162.18415909, 6851.20942091],
       [5137.13074511, 6834.18313835],
       [5113.19585744, 6815.61733639],
       [5090.47395616, 6795.58528577],
       [5069.05471423, 6774.16604384],
       [5049.02266361, 6751.44414256],
       [5030.45686165, 6727.50925489],
       [5013.43057909, 6702.45584091],
       [4998.01101089, 6676.38277499],
       [4984.25901104, 6649.39295562],
       [4972.2288524 , 6621.59289927],
       [4961.96801252, 6593.09232007],
       [4953.51698623, 6564.00369679],
       [4946.90912588, 6534.44182893],
       [4942.17050967, 6504.52338367],
       [4939.31983876, 6474.36643547],
       [4938.36836344, 6444.09      ],
       [4939.31983876, 6413.81356453],
       [4942.17050967, 6383.65661633],
       [4946.90912588, 6353.73817107],
       [4953.51698623, 6324.17630321],
       [4961.96801252, 6295.08767993],
       [4972.2288524 , 6266.58710073],
       [4984.25901104, 6238.78704438],
       [4998.01101089, 6211.79722501],
       [5013.43057909, 6185.72415909],
       [5030.45686165, 6160.67074511],
       [5049.02266361, 6136.73585744],
       [5069.05471423, 6114.01395616],
       [5090.47395616, 6092.59471423],
       [5113.19585744, 6072.56266361],
       [5137.13074511, 6053.99686165],
       [5162.18415909, 6036.97057909],
       [5188.25722501, 6021.55101089],
       [5215.24704438, 6007.79901104],
       [5243.04710073, 5995.7688524 ],
       [5271.54767993, 5985.50801252],
       [5300.63630321, 5977.05698623],
       [5330.19817107, 5970.44912588],
       [5360.11661633, 5965.71050967],
       [5390.27356453, 5962.85983876],
       [5420.55      , 5961.90836344],
       [5450.82643547, 5962.85983876],
       [5480.98338367, 5965.71050967],
       [5510.90182893, 5970.44912588],
       [5540.46369679, 5977.05698623],
       [5569.55232007, 5985.50801252],
       [5598.05289927, 5995.7688524 ],
       [5625.85295562, 6007.79901104],
       [5652.84277499, 6021.55101089],
       [5678.91584091, 6036.97057909],
       [5703.96925489, 6053.99686165],
       [5727.90414256, 6072.56266361],
       [5750.62604384, 6092.59471423],
       [5772.04528577, 6114.01395616],
       [5792.07733639, 6136.73585744],
       [5810.64313835, 6160.67074511],
       [5827.66942091, 6185.72415909],
       [5843.08898911, 6211.79722501],
       [5856.84098896, 6238.78704438],
       [5868.8711476 , 6266.58710073],
       [5879.13198748, 6295.08767993],
       [5887.58301377, 6324.17630321],
       [5894.19087412, 6353.73817107],
       [5898.92949033, 6383.65661633],
       [5901.78016124, 6413.81356453]])]