[array([[4490.86518799, 3513.98      ],
       [4490.03277287, 3540.46787851],
       [4487.53881268, 3566.85122147],
       [4483.39314994, 3593.02590588],
       [4477.61214569, 3618.8886322 ],
       [4470.2186149 , 3644.33733208],
       [4461.24173647, 3669.27157113],
       [4450.71693804, 3693.59294529],
       [4438.68575618, 3717.20546921],
       [4425.19567246, 3740.01595506],
       [4410.29992608, 3761.93438025],
       [4394.05730374, 3782.87424278],
       [4376.53190767, 3802.75290259],
       [4357.79290259, 3821.49190767],
       [4337.91424278, 3839.01730374],
       [4316.97438025, 3855.25992608],
       [4295.05595506, 3870.15567246],
       [4272.24546921, 3883.64575618],
       [4248.63294529, 3895.67693804],
       [4224.31157113, 3906.20173647],
       [4199.37733208, 3915.1786149 ],
       [4173.9286322 , 3922.57214569],
       [4148.06590588, 3928.35314994],
       [4121.89122147, 3932.49881268],
       [4095.50787851, 3934.99277287],
       [4069.02      , 3935.82518799],
       [4042.53212149, 3934.99277287],
       [4016.14877853, 3932.49881268],
       [3989.97409412, 3928.35314994],
       [3964.1113678 , 3922.57214569],
       [3938.66266792, 3915.1786149 ],
       [3913.72842887, 3906.20173647],
       [3889.40705471, 3895.67693804],
       [3865.79453079, 3883.64575618],
       [3842.98404494, 3870.15567246],
       [3821.06561975, 3855.25992608],
       [3800.12575722, 3839.01730374],
       [3780.24709741, 3821.49190767],
       [3761.50809233, 3802.75290259],
       [3743.98269626, 3782.87424278],
       [3727.74007392, 3761.93438025],
       [3712.84432754, 3740.01595506],
       [3699.35424382, 3717.20546921],
       [3687.32306196, 3693.59294529],
       [3676.79826353, 3669.27157113],
       [3667.8213851 , 3644.33733208],
       [3660.42785431, 3618.8886322 ],
       [3654.64685006, 3593.02590588],
       [3650.50118732, 3566.85122147],
       [3648.00722713, 3540.46787851],
       [3647.17481201, 3513.98      ],
       [3648.00722713, 3487.49212149],
       [3650.50118732, 3461.10877853],
       [3654.64685006, 3434.93409412],
       [3660.42785431, 3409.0713678 ],
       [3667.8213851 , 3383.62266792],
       [3676.79826353, 3358.68842887],
       [3687.32306196, 3334.36705471],
       [3699.35424382, 3310.75453079],
       [3712.84432754, 3287.94404494],
       [3727.74007392, 3266.02561975],
       [3743.98269626, 3245.08575722],
       [3761.50809233, 3225.20709741],
       [3780.24709741, 3206.46809233],
       [3800.12575722, 3188.94269626],
       [3821.06561975, 3172.70007392],
       [3842.98404494, 3157.80432754],
       [3865.79453079, 3144.31424382],
       [3889.40705471, 3132.28306196],
       [3913.72842887, 3121.75826353],
       [3938.66266792, 3112.7813851 ],
       [3964.1113678 , 3105.38785431],
       [3989.97409412, 3099.60685006],
       [4016.14877853, 3095.46118732],
       [4042.53212149, 3092.96722713],
       [4069.02      , 3092.13481201],
       [4095.50787851, 3092.96722713],
       [4121.89122147, 3095.46118732],
       [4148.06590588, 3099.60685006],
       [4173.9286322 , 3105.38785431],
       [4199.37733208, 3112.7813851 ],
       [4224.31157113, 3121.75826353],
       [4248.63294529, 3132.28306196],
       [4272.24546921, 3144.31424382],
       [4295.05595506, 3157.80432754],
       [4316.97438025, 3172.70007392],
       [4337.91424278, 3188.94269626],
       [4357.79290259, 3206.46809233],
       [4376.53190767, 3225.20709741],
       [4394.05730374, 3245.08575722],
       [4410.29992608, 3266.02561975],
       [4425.19567246, 3287.94404494],
       [4438.68575618, 3310.75453079],
       [4450.71693804, 3334.36705471],
       [4461.24173647, 3358.68842887],
       [4470.2186149 , 3383.62266792],
       [4477.61214569, 3409.0713678 ],
       [4483.39314994, 3434.93409412],
       [4487.53881268, 3461.10877853],
       [4490.03277287, 3487.49212149]])]