[array([[2935.42365466, 4921.17      ],
       [2934.57614704, 4948.13812971],
       [2932.03696891, 4974.99982853],
       [2927.81614124, 5001.64908562],
       [2921.93032172, 5027.98072852],
       [2914.40273897, 5053.89083827],
       [2905.26310094, 5079.2771595 ],
       [2894.5474776 , 5104.03950401],
       [2882.29815862, 5128.08014614],
       [2868.56348646, 5151.30420844],
       [2853.3976656 , 5173.62003616],
       [2836.86054861, 5194.93955893],
       [2819.01739993, 5215.17863831],
       [2799.93863831, 5234.25739993],
       [2779.69955893, 5252.10054861],
       [2758.38003616, 5268.6376656 ],
       [2736.06420844, 5283.80348646],
       [2712.84014614, 5297.53815862],
       [2688.79950401, 5309.7874776 ],
       [2664.0371595 , 5320.50310094],
       [2638.65083827, 5329.64273897],
       [2612.74072852, 5337.17032172],
       [2586.40908562, 5343.05614124],
       [2559.75982853, 5347.27696891],
       [2532.89812971, 5349.81614704],
       [2505.93      , 5350.66365466],
       [2478.96187029, 5349.81614704],
       [2452.10017147, 5347.27696891],
       [2425.45091438, 5343.05614124],
       [2399.11927148, 5337.17032172],
       [2373.20916173, 5329.64273897],
       [2347.8228405 , 5320.50310094],
       [2323.06049599, 5309.7874776 ],
       [2299.01985386, 5297.53815862],
       [2275.79579156, 5283.80348646],
       [2253.47996384, 5268.6376656 ],
       [2232.16044107, 5252.10054861],
       [2211.92136169, 5234.25739993],
       [2192.84260007, 5215.17863831],
       [2174.99945139, 5194.93955893],
       [2158.4623344 , 5173.62003616],
       [2143.29651354, 5151.30420844],
       [2129.56184138, 5128.08014614],
       [2117.3125224 , 5104.03950401],
       [2106.59689906, 5079.2771595 ],
       [2097.45726103, 5053.89083827],
       [2089.92967828, 5027.98072852],
       [2084.04385876, 5001.64908562],
       [2079.82303109, 4974.99982853],
       [2077.28385296, 4948.13812971],
       [2076.43634534, 4921.17      ],
       [2077.28385296, 4894.20187029],
       [2079.82303109, 4867.34017147],
       [2084.04385876, 4840.69091438],
       [2089.92967828, 4814.35927148],
       [2097.45726103, 4788.44916173],
       [2106.59689906, 4763.0628405 ],
       [2117.3125224 , 4738.30049599],
       [2129.56184138, 4714.25985386],
       [2143.29651354, 4691.03579156],
       [2158.4623344 , 4668.71996384],
       [2174.99945139, 4647.40044107],
       [2192.84260007, 4627.16136169],
       [2211.92136169, 4608.08260007],
       [2232.16044107, 4590.23945139],
       [2253.47996384, 4573.7023344 ],
       [2275.79579156, 4558.53651354],
       [2299.01985386, 4544.80184138],
       [2323.06049599, 4532.5525224 ],
       [2347.8228405 , 4521.83689906],
       [2373.20916173, 4512.69726103],
       [2399.11927148, 4505.16967828],
       [2425.45091438, 4499.28385876],
       [2452.10017147, 4495.06303109],
       [2478.96187029, 4492.52385296],
       [2505.93      , 4491.67634534],
       [2532.89812971, 4492.52385296],
       [2559.75982853, 4495.06303109],
       [2586.40908562, 4499.28385876],
       [2612.74072852, 4505.16967828],
       [2638.65083827, 4512.69726103],
       [2664.0371595 , 4521.83689906],
       [2688.79950401, 4532.5525224 ],
       [2712.84014614, 4544.80184138],
       [2736.06420844, 4558.53651354],
       [2758.38003616, 4573.7023344 ],
       [2779.69955893, 4590.23945139],
       [2799.93863831, 4608.08260007],
       [2819.01739993, 4627.16136169],
       [2836.86054861, 4647.40044107],
       [2853.3976656 , 4668.71996384],
       [2868.56348646, 4691.03579156],
       [2882.29815862, 4714.25985386],
       [2894.5474776 , 4738.30049599],
       [2905.26310094, 4763.0628405 ],
       [2914.40273897, 4788.44916173],
       [2921.93032172, 4814.35927148],
       [2927.81614124, 4840.69091438],
       [2932.03696891, 4867.34017147],
       [2934.57614704, 4894.20187029]])]