[array([[5690.02399284, 5422.58      ],
       [5689.22218552, 5448.09392251],
       [5686.81992794, 5473.50715323],
       [5682.8267007 , 5498.71939774],
       [5677.25826326, 5523.63115483],
       [5670.13659168, 5548.14410918],
       [5661.48979196, 5572.16151935],
       [5651.35198906, 5595.58859961],
       [5639.76319225, 5618.33289396],
       [5626.76913724, 5640.30464107],
       [5612.4211056 , 5661.4171285 ],
       [5596.77572247, 5681.58703489],
       [5579.89473304, 5700.73475884],
       [5561.84475884, 5718.78473304],
       [5542.69703489, 5735.66572247],
       [5522.5271285 , 5751.3111056 ],
       [5501.41464107, 5765.65913724],
       [5479.44289396, 5778.65319225],
       [5456.69859961, 5790.24198906],
       [5433.27151935, 5800.37979196],
       [5409.25410918, 5809.02659168],
       [5384.74115483, 5816.14826326],
       [5359.82939774, 5821.7167007 ],
       [5334.61715323, 5825.70992794],
       [5309.20392251, 5828.11218552],
       [5283.69      , 5828.91399284],
       [5258.17607749, 5828.11218552],
       [5232.76284677, 5825.70992794],
       [5207.55060226, 5821.7167007 ],
       [5182.63884517, 5816.14826326],
       [5158.12589082, 5809.02659168],
       [5134.10848065, 5800.37979196],
       [5110.68140039, 5790.24198906],
       [5087.93710604, 5778.65319225],
       [5065.96535893, 5765.65913724],
       [5044.8528715 , 5751.3111056 ],
       [5024.68296511, 5735.66572247],
       [5005.53524116, 5718.78473304],
       [4987.48526696, 5700.73475884],
       [4970.60427753, 5681.58703489],
       [4954.9588944 , 5661.4171285 ],
       [4940.61086276, 5640.30464107],
       [4927.61680775, 5618.33289396],
       [4916.02801094, 5595.58859961],
       [4905.89020804, 5572.16151935],
       [4897.24340832, 5548.14410918],
       [4890.12173674, 5523.63115483],
       [4884.5532993 , 5498.71939774],
       [4880.56007206, 5473.50715323],
       [4878.15781448, 5448.09392251],
       [4877.35600716, 5422.58      ],
       [4878.15781448, 5397.06607749],
       [4880.56007206, 5371.65284677],
       [4884.5532993 , 5346.44060226],
       [4890.12173674, 5321.52884517],
       [4897.24340832, 5297.01589082],
       [4905.89020804, 5272.99848065],
       [4916.02801094, 5249.57140039],
       [4927.61680775, 5226.82710604],
       [4940.61086276, 5204.85535893],
       [4954.9588944 , 5183.7428715 ],
       [4970.60427753, 5163.57296511],
       [4987.48526696, 5144.42524116],
       [5005.53524116, 5126.37526696],
       [5024.68296511, 5109.49427753],
       [5044.8528715 , 5093.8488944 ],
       [5065.96535893, 5079.50086276],
       [5087.93710604, 5066.50680775],
       [5110.68140039, 5054.91801094],
       [5134.10848065, 5044.78020804],
       [5158.12589082, 5036.13340832],
       [5182.63884517, 5029.01173674],
       [5207.55060226, 5023.4432993 ],
       [5232.76284677, 5019.45007206],
       [5258.17607749, 5017.04781448],
       [5283.69      , 5016.24600716],
       [5309.20392251, 5017.04781448],
       [5334.61715323, 5019.45007206],
       [5359.82939774, 5023.4432993 ],
       [5384.74115483, 5029.01173674],
       [5409.25410918, 5036.13340832],
       [5433.27151935, 5044.78020804],
       [5456.69859961, 5054.91801094],
       [5479.44289396, 5066.50680775],
       [5501.41464107, 5079.50086276],
       [5522.5271285 , 5093.8488944 ],
       [5542.69703489, 5109.49427753],
       [5561.84475884, 5126.37526696],
       [5579.89473304, 5144.42524116],
       [5596.77572247, 5163.57296511],
       [5612.4211056 , 5183.7428715 ],
       [5626.76913724, 5204.85535893],
       [5639.76319225, 5226.82710604],
       [5651.35198906, 5249.57140039],
       [5661.48979196, 5272.99848065],
       [5670.13659168, 5297.01589082],
       [5677.25826326, 5321.52884517],
       [5682.8267007 , 5346.44060226],
       [5686.81992794, 5371.65284677],
       [5689.22218552, 5397.06607749]])]