[array([[10580.51377307,  9281.9       ],
       [10579.29110682,  9320.80587072],
       [10575.6279334 ,  9359.55819774],
       [10569.53870966,  9398.00404333],
       [10561.047467  ,  9435.99167931],
       [10550.18771646,  9473.37118583],
       [10537.00231653,  9509.99504305],
       [10521.54330395,  9545.71871334],
       [10503.87168839,  9580.4012117 ],
       [10484.05721163,  9613.90566215],
       [10462.17807236,  9646.09983793],
       [10438.32061756,  9676.85668333],
       [10412.57900169,  9706.05481515],
       [10385.05481515,  9733.57900169],
       [10355.85668333,  9759.32061756],
       [10325.09983793,  9783.17807236],
       [10292.90566215,  9805.05721163],
       [10259.4012117 ,  9824.87168839],
       [10224.71871334,  9842.54330395],
       [10188.99504305,  9858.00231653],
       [10152.37118583,  9871.18771646],
       [10114.99167931,  9882.047467  ],
       [10077.00404333,  9890.53870966],
       [10038.55819774,  9896.6279334 ],
       [ 9999.80587072,  9900.29110682],
       [ 9960.9       ,  9901.51377307],
       [ 9921.99412928,  9900.29110682],
       [ 9883.24180226,  9896.6279334 ],
       [ 9844.79595667,  9890.53870966],
       [ 9806.80832069,  9882.047467  ],
       [ 9769.42881417,  9871.18771646],
       [ 9732.80495695,  9858.00231653],
       [ 9697.08128666,  9842.54330395],
       [ 9662.3987883 ,  9824.87168839],
       [ 9628.89433785,  9805.05721163],
       [ 9596.70016207,  9783.17807236],
       [ 9565.94331667,  9759.32061756],
       [ 9536.74518485,  9733.57900169],
       [ 9509.22099831,  9706.05481515],
       [ 9483.47938244,  9676.85668333],
       [ 9459.62192764,  9646.09983793],
       [ 9437.74278837,  9613.90566215],
       [ 9417.92831161,  9580.4012117 ],
       [ 9400.25669605,  9545.71871334],
       [ 9384.79768347,  9509.99504305],
       [ 9371.61228354,  9473.37118583],
       [ 9360.752533  ,  9435.99167931],
       [ 9352.26129034,  9398.00404333],
       [ 9346.1720666 ,  9359.55819774],
       [ 9342.50889318,  9320.80587072],
       [ 9341.28622693,  9281.9       ],
       [ 9342.50889318,  9242.99412928],
       [ 9346.1720666 ,  9204.24180226],
       [ 9352.26129034,  9165.79595667],
       [ 9360.752533  ,  9127.80832069],
       [ 9371.61228354,  9090.42881417],
       [ 9384.79768347,  9053.80495695],
       [ 9400.25669605,  9018.08128666],
       [ 9417.92831161,  8983.3987883 ],
       [ 9437.74278837,  8949.89433785],
       [ 9459.62192764,  8917.70016207],
       [ 9483.47938244,  8886.94331667],
       [ 9509.22099831,  8857.74518485],
       [ 9536.74518485,  8830.22099831],
       [ 9565.94331667,  8804.47938244],
       [ 9596.70016207,  8780.62192764],
       [ 9628.89433785,  8758.74278837],
       [ 9662.3987883 ,  8738.92831161],
       [ 9697.08128666,  8721.25669605],
       [ 9732.80495695,  8705.79768347],
       [ 9769.42881417,  8692.61228354],
       [ 9806.80832069,  8681.752533  ],
       [ 9844.79595667,  8673.26129034],
       [ 9883.24180226,  8667.1720666 ],
       [ 9921.99412928,  8663.50889318],
       [ 9960.9       ,  8662.28622693],
       [ 9999.80587072,  8663.50889318],
       [10038.55819774,  8667.1720666 ],
       [10077.00404333,  8673.26129034],
       [10114.99167931,  8681.752533  ],
       [10152.37118583,  8692.61228354],
       [10188.99504305,  8705.79768347],
       [10224.71871334,  8721.25669605],
       [10259.4012117 ,  8738.92831161],
       [10292.90566215,  8758.74278837],
       [10325.09983793,  8780.62192764],
       [10355.85668333,  8804.47938244],
       [10385.05481515,  8830.22099831],
       [10412.57900169,  8857.74518485],
       [10438.32061756,  8886.94331667],
       [10462.17807236,  8917.70016207],
       [10484.05721163,  8949.89433785],
       [10503.87168839,  8983.3987883 ],
       [10521.54330395,  9018.08128666],
       [10537.00231653,  9053.80495695],
       [10550.18771646,  9090.42881417],
       [10561.047467  ,  9127.80832069],
       [10569.53870966,  9165.79595667],
       [10575.6279334 ,  9204.24180226],
       [10579.29110682,  9242.99412928]])]