[array([[10511.71296493,  7862.78      ],
       [10510.48816914,  7901.75363374],
       [10506.81861551,  7940.57345634],
       [10500.71878606,  7979.08626372],
       [10492.21275406,  8017.14006341],
       [10481.33408891,  8054.58467445],
       [10468.12572375,  8091.27232007],
       [10452.63978594,  8127.05821089],
       [10434.93739142,  8161.80111634],
       [10415.08840345,  8195.36392206],
       [10393.17115691,  8227.61417099],
       [10369.27214917,  8258.42458611],
       [10343.48569869,  8287.67357281],
       [10315.91357281,  8315.24569869],
       [10286.66458611,  8341.03214917],
       [10255.85417099,  8364.93115691],
       [10223.60392206,  8386.84840345],
       [10190.04111634,  8406.69739142],
       [10155.29821089,  8424.39978594],
       [10119.51232007,  8439.88572375],
       [10082.82467445,  8453.09408891],
       [10045.38006341,  8463.97275406],
       [10007.32626372,  8472.47878606],
       [ 9968.81345634,  8478.57861551],
       [ 9929.99363374,  8482.24816914],
       [ 9891.02      ,  8483.47296493],
       [ 9852.04636626,  8482.24816914],
       [ 9813.22654366,  8478.57861551],
       [ 9774.71373628,  8472.47878606],
       [ 9736.65993659,  8463.97275406],
       [ 9699.21532555,  8453.09408891],
       [ 9662.52767993,  8439.88572375],
       [ 9626.74178911,  8424.39978594],
       [ 9591.99888366,  8406.69739142],
       [ 9558.43607794,  8386.84840345],
       [ 9526.18582901,  8364.93115691],
       [ 9495.37541389,  8341.03214917],
       [ 9466.12642719,  8315.24569869],
       [ 9438.55430131,  8287.67357281],
       [ 9412.76785083,  8258.42458611],
       [ 9388.86884309,  8227.61417099],
       [ 9366.95159655,  8195.36392206],
       [ 9347.10260858,  8161.80111634],
       [ 9329.40021406,  8127.05821089],
       [ 9313.91427625,  8091.27232007],
       [ 9300.70591109,  8054.58467445],
       [ 9289.82724594,  8017.14006341],
       [ 9281.32121394,  7979.08626372],
       [ 9275.22138449,  7940.57345634],
       [ 9271.55183086,  7901.75363374],
       [ 9270.32703507,  7862.78      ],
       [ 9271.55183086,  7823.80636626],
       [ 9275.22138449,  7784.98654366],
       [ 9281.32121394,  7746.47373628],
       [ 9289.82724594,  7708.41993659],
       [ 9300.70591109,  7670.97532555],
       [ 9313.91427625,  7634.28767993],
       [ 9329.40021406,  7598.50178911],
       [ 9347.10260858,  7563.75888366],
       [ 9366.95159655,  7530.19607794],
       [ 9388.86884309,  7497.94582901],
       [ 9412.76785083,  7467.13541389],
       [ 9438.55430131,  7437.88642719],
       [ 9466.12642719,  7410.31430131],
       [ 9495.37541389,  7384.52785083],
       [ 9526.18582901,  7360.62884309],
       [ 9558.43607794,  7338.71159655],
       [ 9591.99888366,  7318.86260858],
       [ 9626.74178911,  7301.16021406],
       [ 9662.52767993,  7285.67427625],
       [ 9699.21532555,  7272.46591109],
       [ 9736.65993659,  7261.58724594],
       [ 9774.71373628,  7253.08121394],
       [ 9813.22654366,  7246.98138449],
       [ 9852.04636626,  7243.31183086],
       [ 9891.02      ,  7242.08703507],
       [ 9929.99363374,  7243.31183086],
       [ 9968.81345634,  7246.98138449],
       [10007.32626372,  7253.08121394],
       [10045.38006341,  7261.58724594],
       [10082.82467445,  7272.46591109],
       [10119.51232007,  7285.67427625],
       [10155.29821089,  7301.16021406],
       [10190.04111634,  7318.86260858],
       [10223.60392206,  7338.71159655],
       [10255.85417099,  7360.62884309],
       [10286.66458611,  7384.52785083],
       [10315.91357281,  7410.31430131],
       [10343.48569869,  7437.88642719],
       [10369.27214917,  7467.13541389],
       [10393.17115691,  7497.94582901],
       [10415.08840345,  7530.19607794],
       [10434.93739142,  7563.75888366],
       [10452.63978594,  7598.50178911],
       [10468.12572375,  7634.28767993],
       [10481.33408891,  7670.97532555],
       [10492.21275406,  7708.41993659],
       [10500.71878606,  7746.47373628],
       [10506.81861551,  7784.98654366],
       [10510.48816914,  7823.80636626]])]