[array([[11694.35576256,  5431.23      ],
       [11693.2625982 ,  5466.01505384],
       [11689.98741935,  5500.66282697],
       [11684.54315164,  5535.03658045],
       [11676.95128112,  5569.00065678],
       [11667.24176941,  5602.42101527],
       [11655.45293554,  5635.16576103],
       [11641.63130464,  5667.10566552],
       [11625.83142438,  5698.11467651],
       [11608.11564966,  5728.07041561],
       [11588.55389655,  5756.85466121],
       [11567.22336636,  5784.35381503],
       [11544.20824094,  5810.45935048],
       [11519.59935048,  5835.06824094],
       [11493.49381503,  5858.08336636],
       [11465.99466121,  5879.41389655],
       [11437.21041561,  5898.97564966],
       [11407.25467651,  5916.69142438],
       [11376.24566552,  5932.49130464],
       [11344.30576103,  5946.31293554],
       [11311.56101527,  5958.10176941],
       [11278.14065678,  5967.81128112],
       [11244.17658045,  5975.40315164],
       [11209.80282697,  5980.84741935],
       [11175.15505384,  5984.1225982 ],
       [11140.37      ,  5985.21576256],
       [11105.58494616,  5984.1225982 ],
       [11070.93717303,  5980.84741935],
       [11036.56341955,  5975.40315164],
       [11002.59934322,  5967.81128112],
       [10969.17898473,  5958.10176941],
       [10936.43423897,  5946.31293554],
       [10904.49433448,  5932.49130464],
       [10873.48532349,  5916.69142438],
       [10843.52958439,  5898.97564966],
       [10814.74533879,  5879.41389655],
       [10787.24618497,  5858.08336636],
       [10761.14064952,  5835.06824094],
       [10736.53175906,  5810.45935048],
       [10713.51663364,  5784.35381503],
       [10692.18610345,  5756.85466121],
       [10672.62435034,  5728.07041561],
       [10654.90857562,  5698.11467651],
       [10639.10869536,  5667.10566552],
       [10625.28706446,  5635.16576103],
       [10613.49823059,  5602.42101527],
       [10603.78871888,  5569.00065678],
       [10596.19684836,  5535.03658045],
       [10590.75258065,  5500.66282697],
       [10587.4774018 ,  5466.01505384],
       [10586.38423744,  5431.23      ],
       [10587.4774018 ,  5396.44494616],
       [10590.75258065,  5361.79717303],
       [10596.19684836,  5327.42341955],
       [10603.78871888,  5293.45934322],
       [10613.49823059,  5260.03898473],
       [10625.28706446,  5227.29423897],
       [10639.10869536,  5195.35433448],
       [10654.90857562,  5164.34532349],
       [10672.62435034,  5134.38958439],
       [10692.18610345,  5105.60533879],
       [10713.51663364,  5078.10618497],
       [10736.53175906,  5052.00064952],
       [10761.14064952,  5027.39175906],
       [10787.24618497,  5004.37663364],
       [10814.74533879,  4983.04610345],
       [10843.52958439,  4963.48435034],
       [10873.48532349,  4945.76857562],
       [10904.49433448,  4929.96869536],
       [10936.43423897,  4916.14706446],
       [10969.17898473,  4904.35823059],
       [11002.59934322,  4894.64871888],
       [11036.56341955,  4887.05684836],
       [11070.93717303,  4881.61258065],
       [11105.58494616,  4878.3374018 ],
       [11140.37      ,  4877.24423744],
       [11175.15505384,  4878.3374018 ],
       [11209.80282697,  4881.61258065],
       [11244.17658045,  4887.05684836],
       [11278.14065678,  4894.64871888],
       [11311.56101527,  4904.35823059],
       [11344.30576103,  4916.14706446],
       [11376.24566552,  4929.96869536],
       [11407.25467651,  4945.76857562],
       [11437.21041561,  4963.48435034],
       [11465.99466121,  4983.04610345],
       [11493.49381503,  5004.37663364],
       [11519.59935048,  5027.39175906],
       [11544.20824094,  5052.00064952],
       [11567.22336636,  5078.10618497],
       [11588.55389655,  5105.60533879],
       [11608.11564966,  5134.38958439],
       [11625.83142438,  5164.34532349],
       [11641.63130464,  5195.35433448],
       [11655.45293554,  5227.29423897],
       [11667.24176941,  5260.03898473],
       [11676.95128112,  5293.45934322],
       [11684.54315164,  5327.42341955],
       [11689.98741935,  5361.79717303],
       [11693.2625982 ,  5396.44494616]])]