[array([[ 3714.72727098,  9715.08      ],
       [ 3713.15248725,  9765.19043066],
       [ 3708.43435103,  9815.10309834],
       [ 3700.59148263,  9864.62102055],
       [ 3689.65483429,  9913.54877267],
       [ 3675.66756794,  9961.69325922],
       [ 3658.68488495, 10008.8644759 ],
       [ 3638.7738082 , 10054.87625947],
       [ 3616.01291762, 10099.54702244],
       [ 3590.49204004, 10142.70046972],
       [ 3562.31189471, 10184.16629437],
       [ 3531.58369578, 10223.78084971],
       [ 3498.42871343, 10261.38779521],
       [ 3462.97779521, 10296.83871343],
       [ 3425.37084971, 10329.99369578],
       [ 3385.75629437, 10360.72189471],
       [ 3344.29046972, 10388.90204004],
       [ 3301.13702244, 10414.42291762],
       [ 3256.46625947, 10437.1838082 ],
       [ 3210.4544759 , 10457.09488495],
       [ 3163.28325922, 10474.07756794],
       [ 3115.13877267, 10488.06483429],
       [ 3066.21102055, 10499.00148263],
       [ 3016.69309834, 10506.84435103],
       [ 2966.78043066, 10511.56248725],
       [ 2916.67      , 10513.13727098],
       [ 2866.55956934, 10511.56248725],
       [ 2816.64690166, 10506.84435103],
       [ 2767.12897945, 10499.00148263],
       [ 2718.20122733, 10488.06483429],
       [ 2670.05674078, 10474.07756794],
       [ 2622.8855241 , 10457.09488495],
       [ 2576.87374053, 10437.1838082 ],
       [ 2532.20297756, 10414.42291762],
       [ 2489.04953028, 10388.90204004],
       [ 2447.58370563, 10360.72189471],
       [ 2407.96915029, 10329.99369578],
       [ 2370.36220479, 10296.83871343],
       [ 2334.91128657, 10261.38779521],
       [ 2301.75630422, 10223.78084971],
       [ 2271.02810529, 10184.16629437],
       [ 2242.84795996, 10142.70046972],
       [ 2217.32708238, 10099.54702244],
       [ 2194.5661918 , 10054.87625947],
       [ 2174.65511505, 10008.8644759 ],
       [ 2157.67243206,  9961.69325922],
       [ 2143.68516571,  9913.54877267],
       [ 2132.74851737,  9864.62102055],
       [ 2124.90564897,  9815.10309834],
       [ 2120.18751275,  9765.19043066],
       [ 2118.61272902,  9715.08      ],
       [ 2120.18751275,  9664.96956934],
       [ 2124.90564897,  9615.05690166],
       [ 2132.74851737,  9565.53897945],
       [ 2143.68516571,  9516.61122733],
       [ 2157.67243206,  9468.46674078],
       [ 2174.65511505,  9421.2955241 ],
       [ 2194.5661918 ,  9375.28374053],
       [ 2217.32708238,  9330.61297756],
       [ 2242.84795996,  9287.45953028],
       [ 2271.02810529,  9245.99370563],
       [ 2301.75630422,  9206.37915029],
       [ 2334.91128657,  9168.77220479],
       [ 2370.36220479,  9133.32128657],
       [ 2407.96915029,  9100.16630422],
       [ 2447.58370563,  9069.43810529],
       [ 2489.04953028,  9041.25795996],
       [ 2532.20297756,  9015.73708238],
       [ 2576.87374053,  8992.9761918 ],
       [ 2622.8855241 ,  8973.06511505],
       [ 2670.05674078,  8956.08243206],
       [ 2718.20122733,  8942.09516571],
       [ 2767.12897945,  8931.15851737],
       [ 2816.64690166,  8923.31564897],
       [ 2866.55956934,  8918.59751275],
       [ 2916.67      ,  8917.02272902],
       [ 2966.78043066,  8918.59751275],
       [ 3016.69309834,  8923.31564897],
       [ 3066.21102055,  8931.15851737],
       [ 3115.13877267,  8942.09516571],
       [ 3163.28325922,  8956.08243206],
       [ 3210.4544759 ,  8973.06511505],
       [ 3256.46625947,  8992.9761918 ],
       [ 3301.13702244,  9015.73708238],
       [ 3344.29046972,  9041.25795996],
       [ 3385.75629437,  9069.43810529],
       [ 3425.37084971,  9100.16630422],
       [ 3462.97779521,  9133.32128657],
       [ 3498.42871343,  9168.77220479],
       [ 3531.58369578,  9206.37915029],
       [ 3562.31189471,  9245.99370563],
       [ 3590.49204004,  9287.45953028],
       [ 3616.01291762,  9330.61297756],
       [ 3638.7738082 ,  9375.28374053],
       [ 3658.68488495,  9421.2955241 ],
       [ 3675.66756794,  9468.46674078],
       [ 3689.65483429,  9516.61122733],
       [ 3700.59148263,  9565.53897945],
       [ 3708.43435103,  9615.05690166],
       [ 3713.15248725,  9664.96956934]])]