[array([[11252.5588185 ,  6747.94      ],
       [11251.46872642,  6782.62729252],
       [11248.20275227,  6817.17769014],
       [11242.77378535,  6851.45483823],
       [11235.20325132,  6885.32346054],
       [11225.52102763,  6918.6498931 ],
       [11213.76532557,  6951.3026117 ],
       [11199.98253954,  6983.15275098],
       [11184.2270639 ,  7014.07461299],
       [11166.56107831,  7043.94616327],
       [11147.05430235,  7072.64951246],
       [11125.78372035,  7100.07138154],
       [11102.83327757,  7126.10354894],
       [11078.29354894,  7150.64327757],
       [11052.26138154,  7173.59372035],
       [11024.83951246,  7194.86430235],
       [10996.13616327,  7214.37107831],
       [10966.26461299,  7232.0370639 ],
       [10935.34275098,  7247.79253954],
       [10903.4926117 ,  7261.57532557],
       [10870.8398931 ,  7273.33102763],
       [10837.51346054,  7283.01325132],
       [10803.64483823,  7290.58378535],
       [10769.36769014,  7296.01275227],
       [10734.81729252,  7299.27872642],
       [10700.13      ,  7300.3688185 ],
       [10665.44270748,  7299.27872642],
       [10630.89230986,  7296.01275227],
       [10596.61516177,  7290.58378535],
       [10562.74653946,  7283.01325132],
       [10529.4201069 ,  7273.33102763],
       [10496.7673883 ,  7261.57532557],
       [10464.91724902,  7247.79253954],
       [10433.99538701,  7232.0370639 ],
       [10404.12383673,  7214.37107831],
       [10375.42048754,  7194.86430235],
       [10347.99861846,  7173.59372035],
       [10321.96645106,  7150.64327757],
       [10297.42672243,  7126.10354894],
       [10274.47627965,  7100.07138154],
       [10253.20569765,  7072.64951246],
       [10233.69892169,  7043.94616327],
       [10216.0329361 ,  7014.07461299],
       [10200.27746046,  6983.15275098],
       [10186.49467443,  6951.3026117 ],
       [10174.73897237,  6918.6498931 ],
       [10165.05674868,  6885.32346054],
       [10157.48621465,  6851.45483823],
       [10152.05724773,  6817.17769014],
       [10148.79127358,  6782.62729252],
       [10147.7011815 ,  6747.94      ],
       [10148.79127358,  6713.25270748],
       [10152.05724773,  6678.70230986],
       [10157.48621465,  6644.42516177],
       [10165.05674868,  6610.55653946],
       [10174.73897237,  6577.2301069 ],
       [10186.49467443,  6544.5773883 ],
       [10200.27746046,  6512.72724902],
       [10216.0329361 ,  6481.80538701],
       [10233.69892169,  6451.93383673],
       [10253.20569765,  6423.23048754],
       [10274.47627965,  6395.80861846],
       [10297.42672243,  6369.77645106],
       [10321.96645106,  6345.23672243],
       [10347.99861846,  6322.28627965],
       [10375.42048754,  6301.01569765],
       [10404.12383673,  6281.50892169],
       [10433.99538701,  6263.8429361 ],
       [10464.91724902,  6248.08746046],
       [10496.7673883 ,  6234.30467443],
       [10529.4201069 ,  6222.54897237],
       [10562.74653946,  6212.86674868],
       [10596.61516177,  6205.29621465],
       [10630.89230986,  6199.86724773],
       [10665.44270748,  6196.60127358],
       [10700.13      ,  6195.5111815 ],
       [10734.81729252,  6196.60127358],
       [10769.36769014,  6199.86724773],
       [10803.64483823,  6205.29621465],
       [10837.51346054,  6212.86674868],
       [10870.8398931 ,  6222.54897237],
       [10903.4926117 ,  6234.30467443],
       [10935.34275098,  6248.08746046],
       [10966.26461299,  6263.8429361 ],
       [10996.13616327,  6281.50892169],
       [11024.83951246,  6301.01569765],
       [11052.26138154,  6322.28627965],
       [11078.29354894,  6345.23672243],
       [11102.83327757,  6369.77645106],
       [11125.78372035,  6395.80861846],
       [11147.05430235,  6423.23048754],
       [11166.56107831,  6451.93383673],
       [11184.2270639 ,  6481.80538701],
       [11199.98253954,  6512.72724902],
       [11213.76532557,  6544.5773883 ],
       [11225.52102763,  6577.2301069 ],
       [11235.20325132,  6610.55653946],
       [11242.77378535,  6644.42516177],
       [11248.20275227,  6678.70230986],
       [11251.46872642,  6713.25270748]])]