[array([[5545.15793604, 8027.53      ],
       [5544.28194566, 8055.40446574],
       [5541.65743167, 8083.16892369],
       [5537.29475181, 8110.71380024],
       [5531.2111236 , 8137.93038832],
       [5523.43055633, 8164.71127651],
       [5513.98375636, 8190.95077288],
       [5502.90800587, 8216.54532211],
       [5490.24701581, 8241.39391422],
       [5476.05075331, 8265.39848317],
       [5460.37524453, 8288.46429388],
       [5443.28235356, 8310.50031615],
       [5424.83953821, 8331.41958386],
       [5405.11958386, 8351.13953821],
       [5384.20031615, 8369.58235356],
       [5362.16429388, 8386.67524453],
       [5339.09848317, 8402.35075331],
       [5315.09391422, 8416.54701581],
       [5290.24532211, 8429.20800587],
       [5264.65077288, 8440.28375636],
       [5238.41127651, 8449.73055633],
       [5211.63038832, 8457.5111236 ],
       [5184.41380024, 8463.59475181],
       [5156.86892369, 8467.95743167],
       [5129.10446574, 8470.58194566],
       [5101.23      , 8471.45793604],
       [5073.35553426, 8470.58194566],
       [5045.59107631, 8467.95743167],
       [5018.04619976, 8463.59475181],
       [4990.82961168, 8457.5111236 ],
       [4964.04872349, 8449.73055633],
       [4937.80922712, 8440.28375636],
       [4912.21467789, 8429.20800587],
       [4887.36608578, 8416.54701581],
       [4863.36151683, 8402.35075331],
       [4840.29570612, 8386.67524453],
       [4818.25968385, 8369.58235356],
       [4797.34041614, 8351.13953821],
       [4777.62046179, 8331.41958386],
       [4759.17764644, 8310.50031615],
       [4742.08475547, 8288.46429388],
       [4726.40924669, 8265.39848317],
       [4712.21298419, 8241.39391422],
       [4699.55199413, 8216.54532211],
       [4688.47624364, 8190.95077288],
       [4679.02944367, 8164.71127651],
       [4671.2488764 , 8137.93038832],
       [4665.16524819, 8110.71380024],
       [4660.80256833, 8083.16892369],
       [4658.17805434, 8055.40446574],
       [4657.30206396, 8027.53      ],
       [4658.17805434, 7999.65553426],
       [4660.80256833, 7971.89107631],
       [4665.16524819, 7944.34619976],
       [4671.2488764 , 7917.12961168],
       [4679.02944367, 7890.34872349],
       [4688.47624364, 7864.10922712],
       [4699.55199413, 7838.51467789],
       [4712.21298419, 7813.66608578],
       [4726.40924669, 7789.66151683],
       [4742.08475547, 7766.59570612],
       [4759.17764644, 7744.55968385],
       [4777.62046179, 7723.64041614],
       [4797.34041614, 7703.92046179],
       [4818.25968385, 7685.47764644],
       [4840.29570612, 7668.38475547],
       [4863.36151683, 7652.70924669],
       [4887.36608578, 7638.51298419],
       [4912.21467789, 7625.85199413],
       [4937.80922712, 7614.77624364],
       [4964.04872349, 7605.32944367],
       [4990.82961168, 7597.5488764 ],
       [5018.04619976, 7591.46524819],
       [5045.59107631, 7587.10256833],
       [5073.35553426, 7584.47805434],
       [5101.23      , 7583.60206396],
       [5129.10446574, 7584.47805434],
       [5156.86892369, 7587.10256833],
       [5184.41380024, 7591.46524819],
       [5211.63038832, 7597.5488764 ],
       [5238.41127651, 7605.32944367],
       [5264.65077288, 7614.77624364],
       [5290.24532211, 7625.85199413],
       [5315.09391422, 7638.51298419],
       [5339.09848317, 7652.70924669],
       [5362.16429388, 7668.38475547],
       [5384.20031615, 7685.47764644],
       [5405.11958386, 7703.92046179],
       [5424.83953821, 7723.64041614],
       [5443.28235356, 7744.55968385],
       [5460.37524453, 7766.59570612],
       [5476.05075331, 7789.66151683],
       [5490.24701581, 7813.66608578],
       [5502.90800587, 7838.51467789],
       [5513.98375636, 7864.10922712],
       [5523.43055633, 7890.34872349],
       [5531.2111236 , 7917.12961168],
       [5537.29475181, 7944.34619976],
       [5541.65743167, 7971.89107631],
       [5544.28194566, 7999.65553426]])]