[array([[11939.67306138,  8847.01      ],
       [11938.44238506,  8886.17075554],
       [11934.75521301,  8925.17696147],
       [11928.62609682,  8963.87467811],
       [11920.07922531,  9002.11118326],
       [11909.14832907,  9039.7355749 ],
       [11895.87654736,  9076.59936674],
       [11880.31625783,  9112.55707424],
       [11862.52886985,  9147.46678876],
       [11842.58458211,  9181.1907376 ],
       [11820.56210559,  9213.59582773],
       [11796.54835296,  9244.55417109],
       [11770.63809552,  9273.94358922],
       [11742.93358922,  9301.64809552],
       [11713.54417109,  9327.55835296],
       [11682.58582773,  9351.57210559],
       [11650.1807376 ,  9373.59458211],
       [11616.45678876,  9393.53886985],
       [11581.54707424,  9411.32625783],
       [11545.58936674,  9426.88654736],
       [11508.7255749 ,  9440.15832907],
       [11471.10118326,  9451.08922531],
       [11432.86467811,  9459.63609682],
       [11394.16696147,  9465.76521301],
       [11355.16075554,  9469.45238506],
       [11316.        ,  9470.68306138],
       [11276.83924446,  9469.45238506],
       [11237.83303853,  9465.76521301],
       [11199.13532189,  9459.63609682],
       [11160.89881674,  9451.08922531],
       [11123.2744251 ,  9440.15832907],
       [11086.41063326,  9426.88654736],
       [11050.45292576,  9411.32625783],
       [11015.54321124,  9393.53886985],
       [10981.8192624 ,  9373.59458211],
       [10949.41417227,  9351.57210559],
       [10918.45582891,  9327.55835296],
       [10889.06641078,  9301.64809552],
       [10861.36190448,  9273.94358922],
       [10835.45164704,  9244.55417109],
       [10811.43789441,  9213.59582773],
       [10789.41541789,  9181.1907376 ],
       [10769.47113015,  9147.46678876],
       [10751.68374217,  9112.55707424],
       [10736.12345264,  9076.59936674],
       [10722.85167093,  9039.7355749 ],
       [10711.92077469,  9002.11118326],
       [10703.37390318,  8963.87467811],
       [10697.24478699,  8925.17696147],
       [10693.55761494,  8886.17075554],
       [10692.32693862,  8847.01      ],
       [10693.55761494,  8807.84924446],
       [10697.24478699,  8768.84303853],
       [10703.37390318,  8730.14532189],
       [10711.92077469,  8691.90881674],
       [10722.85167093,  8654.2844251 ],
       [10736.12345264,  8617.42063326],
       [10751.68374217,  8581.46292576],
       [10769.47113015,  8546.55321124],
       [10789.41541789,  8512.8292624 ],
       [10811.43789441,  8480.42417227],
       [10835.45164704,  8449.46582891],
       [10861.36190448,  8420.07641078],
       [10889.06641078,  8392.37190448],
       [10918.45582891,  8366.46164704],
       [10949.41417227,  8342.44789441],
       [10981.8192624 ,  8320.42541789],
       [11015.54321124,  8300.48113015],
       [11050.45292576,  8282.69374217],
       [11086.41063326,  8267.13345264],
       [11123.2744251 ,  8253.86167093],
       [11160.89881674,  8242.93077469],
       [11199.13532189,  8234.38390318],
       [11237.83303853,  8228.25478699],
       [11276.83924446,  8224.56761494],
       [11316.        ,  8223.33693862],
       [11355.16075554,  8224.56761494],
       [11394.16696147,  8228.25478699],
       [11432.86467811,  8234.38390318],
       [11471.10118326,  8242.93077469],
       [11508.7255749 ,  8253.86167093],
       [11545.58936674,  8267.13345264],
       [11581.54707424,  8282.69374217],
       [11616.45678876,  8300.48113015],
       [11650.1807376 ,  8320.42541789],
       [11682.58582773,  8342.44789441],
       [11713.54417109,  8366.46164704],
       [11742.93358922,  8392.37190448],
       [11770.63809552,  8420.07641078],
       [11796.54835296,  8449.46582891],
       [11820.56210559,  8480.42417227],
       [11842.58458211,  8512.8292624 ],
       [11862.52886985,  8546.55321124],
       [11880.31625783,  8581.46292576],
       [11895.87654736,  8617.42063326],
       [11909.14832907,  8654.2844251 ],
       [11920.07922531,  8691.90881674],
       [11928.62609682,  8730.14532189],
       [11934.75521301,  8768.84303853],
       [11938.44238506,  8807.84924446]])]