[array([[19325.16066827, 37689.83193417],
       [19210.7681822 , 37651.70110548],
       [18981.98321004, 37619.01753803],
       [18916.61607514, 37597.22849306],
       [18774.98728285, 37542.75588064],
       [18649.70027429, 37646.25384424],
       [18491.72969828, 39476.53362148],
       [18551.64957194, 39520.11171141],
       [18611.5694456 , 39536.45349514],
       [18687.83110298, 39569.13706259],
       [18780.43454409, 39607.26789128],
       [18889.37976893, 39623.60967501],
       [18971.08868756, 39650.84598122],
       [19232.55722716, 39672.63502618],
       [19308.81888455, 39705.31859363],
       [19379.63328069, 39732.55489984],
       [19494.02576677, 39705.31859363],
       [19597.52373036, 39629.05693625],
       [19657.44360402, 39574.58432383],
       [19717.36347768, 39471.08636024],
       [19755.49430638, 39324.01030671],
       [19777.28335134, 39062.5417671 ],
       [19788.17787383, 38866.4403624 ],
       [19820.86144128, 38675.78621893],
       [19831.75596376, 38599.52456155],
       [19853.54500873, 38506.92112044],
       [19875.33405369, 38338.05602194],
       [19897.12309866, 38190.97996841],
       [19891.67583742, 38098.3765273 ],
       [19891.67583742, 38027.56213116],
       [19880.78131494, 37940.40595129],
       [19869.88679245, 37842.35524894],
       [19848.09774749, 37760.64633031],
       [19804.51965755, 37662.59562796]])]