[array([[31405.71656554, 48339.12392985],
       [31351.24395312, 48409.93832599],
       [31351.24395312, 48475.30546089],
       [31389.37478181, 48535.22533455],
       [31416.61108802, 48589.69794697],
       [31460.18917796, 48644.17055939],
       [31498.32000665, 48687.74864932],
       [31531.0035741 , 48736.7740005 ],
       [31541.89809658, 48796.69387416],
       [31476.53096168, 48856.61374782],
       [31394.82204306, 48889.29731527],
       [31324.00764691, 48889.29731527],
       [31144.24802593, 48758.56304547],
       [31084.32815227, 48704.09043305],
       [31029.85553986, 48649.61782063],
       [30986.27744992, 48600.59246945],
       [30893.67400881, 48507.98902834],
       [30844.64865763, 48442.62189344],
       [30762.93973901, 48344.57119109],
       [30703.01986535, 48257.41501122],
       [30637.65273045, 48137.5752639 ],
       [30708.46712659, 47968.71016541],
       [31269.53503449, 47522.03474358],
       [31373.03299809, 47543.82378855],
       [31465.6364392 , 47516.58748234],
       [31607.26523149, 47462.11486992],
       [31705.31593384, 47429.43130247],
       [31787.02485246, 47407.6422575 ],
       [31928.65364475, 47385.85321253],
       [32119.30778821, 47385.85321253],
       [32250.04205802, 47407.6422575 ],
       [32342.64549913, 47429.43130247],
       [32429.801679  , 47478.45665364],
       [32516.95785886, 47543.82378855],
       [32587.77225501, 47620.08544593],
       [32658.58665115, 47685.45258083],
       [32718.50652481, 47778.05602194],
       [32734.84830854, 47865.21220181],
       [32734.84830854, 47941.4738592 ],
       [32751.19009226, 48044.97182279],
       [32756.6373535 , 48159.36430887],
       [32740.29556978, 48344.57119109],
       [32713.05926357, 48409.93832599],
       [32669.48117363, 48497.09450586],
       [32609.56129998, 48567.908902  ],
       [32538.74690383, 48638.72329815],
       [32484.27429141, 48687.74864932],
       [32408.01263403, 48736.7740005 ],
       [32353.54002161, 48785.79935167],
       [32217.35849057, 48823.93018037],
       [32113.86052697, 48823.93018037],
       [32026.7043471 , 48807.58839664],
       [31928.65364475, 48758.56304547],
       [31857.83924861, 48742.22126174],
       [31732.55224005, 48682.30138808],
       [31672.63236639, 48627.82877566],
       [31634.50153769, 48578.80342449],
       [31580.02892528, 48513.43628959],
       [31563.68714155, 48458.96367717],
       [31520.10905162, 48399.04380351]])]