[array([[37405.31476103, 49125.49850305],
       [37448.92787435, 49038.27227643],
       [37480.91082411, 48977.21391779],
       [37475.09574234, 48942.32342713],
       [37448.92787435, 48907.43293648],
       [37422.76000636, 48875.44998672],
       [37367.5167295 , 48860.91228228],
       [37326.81115707, 48843.46703696],
       [37265.75279843, 48823.11425074],
       [37216.32460334, 48817.29916897],
       [37163.98886737, 48826.02179163],
       [37004.07411855, 48872.54244583],
       [36960.46100524, 48875.44998672],
       [36881.95740127, 48887.08015027],
       [36849.97445151, 48887.08015027],
       [36783.10101109, 48855.09720051],
       [36733.672816  , 48823.11425074],
       [36716.22757068, 48796.94638276],
       [36692.96724358, 48759.14835122],
       [36684.24462091, 48730.07294234],
       [36631.90888494, 48683.55228814],
       [36591.20331251, 48654.47687926],
       [36559.22036275, 48637.03163394],
       [36495.25446322, 48631.21655216],
       [36410.93577748, 48637.03163394],
       [36355.69250062, 48651.56933838],
       [36300.44922375, 48663.19950193],
       [36216.13053801, 48692.2749108 ],
       [36134.71939316, 48703.90507435],
       [36088.19873896, 48712.62769702],
       [36030.04792121, 48744.61064678],
       [36003.88005322, 48764.96343299],
       [35974.80464435, 48785.31621921],
       [35934.09907192, 48811.48408719],
       [35919.56136748, 48840.55949607],
       [35893.39349949, 48872.54244583],
       [35861.41054973, 48860.91228228],
       [35759.64661866, 48849.28211873],
       [35608.45449251, 48878.35752761],
       [35547.39613387, 48895.80277293],
       [35457.26236636, 48927.7857227 ],
       [35361.31351707, 48968.49129512],
       [35306.0702402 , 49006.28932666],
       [35271.17974955, 49032.45719465],
       [35242.10434068, 49076.07030796],
       [35210.12139091, 49169.11161637],
       [35192.67614559, 49285.41325187],
       [35183.95352292, 49358.10177406],
       [35178.13844115, 49395.8998056 ],
       [35178.13844115, 49480.21849134],
       [35210.12139091, 49750.61979388],
       [35221.75155446, 49802.95552986],
       [35306.0702402 , 49971.59290134],
       [35372.94368062, 50067.54175063],
       [35410.74171216, 50116.96994572],
       [35503.78302056, 50204.19617234],
       [35538.67351121, 50241.99420388],
       [35588.1017063 , 50268.16207187],
       [35628.80727872, 50262.3469901 ],
       [35736.38629156, 50227.45649945],
       [35832.33514085, 50201.28863146],
       [35913.74628571, 50175.12076347],
       [35992.24988967, 50143.13781371],
       [36030.04792121, 50125.69256838],
       [36053.30824831, 50099.52470039],
       [36082.38365719, 50032.65125998],
       [36099.82890251, 49980.315524  ],
       [36152.16463849, 49925.07224714],
       [36187.05512914, 49898.90437915],
       [36283.00397843, 49837.84602051],
       [36346.96987796, 49805.86307075],
       [36413.84331837, 49779.69520276],
       [36451.64134991, 49782.60274365],
       [36521.42233121, 49794.2329072 ],
       [36570.8505263 , 49797.14044808],
       [36614.46363961, 49808.77061163],
       [36690.05970269, 49811.67815252],
       [36745.30297955, 49811.67815252],
       [36832.52920618, 49820.40077518],
       [36902.31018748, 49820.40077518],
       [36969.1836279 , 49817.4932343 ],
       [37161.08132648, 49753.52733477],
       [37225.047226  , 49715.72930323],
       [37259.93771666, 49692.46897613],
       [37303.55082997, 49625.59553572],
       [37329.71869796, 49564.53717708],
       [37341.34886151, 49532.55422731],
       [37358.79410683, 49480.21849134],
       [37384.96197482, 49407.52996915],
       [37416.94492459, 49337.74898785],
       [37434.39016991, 49294.13587453],
       [37437.2977108 , 49241.80013856],
       [37431.48262902, 49195.27948435]])]