[array([[22483.88916587, 28255.02806945],
       [22515.30408114, 28062.61171343],
       [22491.74289469, 28019.41620494],
       [22499.59662351, 27972.29383203],
       [22527.08467437, 27905.53713709],
       [22566.35331845, 27838.78044214],
       [22593.84136931, 27787.73120483],
       [22605.62196254, 27713.12078107],
       [22597.76823372, 27673.85213698],
       [22629.18314899, 27646.36408612],
       [22676.30552189, 27638.5103573 ],
       [22699.86670834, 27567.82679795],
       [22684.15925071, 27450.02086569],
       [22644.89060662, 27395.04476397],
       [22625.25628458, 27340.06866225],
       [22613.47569136, 27273.3119673 ],
       [22625.25628458, 27234.04332322],
       [22664.52492867, 27237.97018763],
       [22723.4278948 , 27182.99408591],
       [22723.4278948 , 27135.871713  ],
       [22692.01297953, 27088.7493401 ],
       [22621.32942017, 27037.70010279],
       [22582.06077609, 27018.06578074],
       [22538.86526759, 26943.45535698],
       [22487.81603028, 26806.01510268],
       [22476.03543705, 26735.33154333],
       [22444.62052179, 26586.1106958 ],
       [22436.76679297, 26523.28086526],
       [22334.66831835, 26499.71967881],
       [22291.47280985, 26495.7928144 ],
       [22134.39823351, 26503.64654322],
       [22075.49526738, 26515.42713644],
       [22012.66543684, 26519.35400085],
       [21941.98187749, 26531.13459408],
       [21890.93264017, 26542.9151873 ],
       [21839.88340286, 26550.76891612],
       [21773.12670792, 26570.40323816],
       [21702.44314856, 26582.18383139],
       [21643.54018243, 26609.67188225],
       [21561.07602985, 26656.79425515],
       [21431.48950437, 26758.89272978],
       [21411.85518233, 26794.23450945],
       [21372.58653824, 26900.25984849],
       [21368.65967383, 27002.35832311],
       [21380.44026706, 27049.48069601],
       [21392.22086028, 27104.45679773],
       [21419.70891114, 27186.92095031],
       [21427.56263996, 27226.1895944 ],
       [21439.34323319, 27277.23883171],
       [21482.53874168, 27418.60595042],
       [21502.17306372, 27465.72832332],
       [21521.80738577, 27552.11934031],
       [21521.80738577, 27599.24171322],
       [21451.12382641, 27669.92527257],
       [21400.0745891 , 27693.48645902],
       [21356.87908061, 27732.75510311],
       [21297.97611448, 27764.17001838],
       [21258.70747039, 27807.36552687],
       [21219.4388263 , 27858.41476418],
       [21144.82840254, 27940.87891676],
       [21085.92543641, 27984.07442526],
       [21027.02247028, 28039.05052698],
       [20975.97323297, 28078.31917106],
       [20928.85086007, 28125.44154397],
       [20881.72848717, 28196.12510332],
       [20858.16730071, 28235.39374741],
       [20834.60611426, 28310.00417117],
       [20787.48374136, 28412.1026458 ],
       [20795.33747018, 28486.71306956],
       [20803.19119899, 28545.61603569],
       [20822.82552104, 28584.88467977],
       [20858.16730071, 28635.93391709],
       [20889.58221598, 28683.05628999],
       [20940.63145329, 28749.81298493],
       [20968.11950415, 28793.00849343],
       [20995.60755501, 28824.4234087 ],
       [21062.36424996, 28891.18010364],
       [21121.26721609, 28942.22934096],
       [21144.82840254, 29020.76662913],
       [21168.38958899, 29060.03527321],
       [21223.36569071, 29099.3039173 ],
       [21270.48806362, 29154.28001902],
       [22507.45035232, 29103.23078171],
       [22515.30408114, 29040.40095117],
       [22531.01153878, 28969.71739182],
       [22538.86526759, 28910.81442569],
       [22542.792132  , 28859.76518838],
       [22578.13391168, 28761.59357816],
       [22574.20704727, 28616.29959504],
       [22550.64586082, 28474.93247633],
       [22554.57272523, 28427.81010343],
       [22554.57272523, 28384.61459494]])]