[array([[ 7825.07545781, 28405.41853968],
       [ 7750.46503405, 28346.51557355],
       [ 7730.83071201, 28299.39320065],
       [ 7722.97698319, 28252.27082774],
       [ 7722.97698319, 28193.36786161],
       [ 7683.7083391 , 28158.02608194],
       [ 7640.51283061, 28122.68430226],
       [ 7605.17105093, 28083.41565817],
       [ 7565.90240684, 28036.29328527],
       [ 7534.48749158, 27985.24404796],
       [ 7503.07257631, 27910.63362419],
       [ 7471.65766104, 27851.73065807],
       [ 7436.31588136, 27757.48591226],
       [ 7353.85172878, 27714.29040377],
       [ 7302.80249147, 27694.65608172],
       [ 7236.04579652, 27659.31430204],
       [ 7184.99655921, 27635.75311559],
       [ 7145.72791512, 27561.14269183],
       [ 7000.43393201, 27541.50836979],
       [ 6804.09071158, 27423.70243753],
       [ 6666.65045728, 27376.58006463],
       [ 6497.79528771, 27360.87260699],
       [ 6383.91621986, 27368.72633581],
       [ 6136.52376212, 28955.17955688],
       [ 6254.32969437, 28982.66760774],
       [ 6427.11172835, 28963.0332857 ],
       [ 6529.21020298, 28970.88701452],
       [ 6701.99223695, 28966.96015011],
       [ 6760.89520308, 29002.30192978],
       [ 6823.72503362, 29049.42430269],
       [ 6874.77427093, 29104.40040441],
       [ 6914.04291502, 29167.23023495],
       [ 6949.38469469, 29210.42574344],
       [ 6969.01901674, 29257.54811634],
       [ 6972.94588115, 29296.81676043],
       [ 6980.79960996, 29336.08540451],
       [ 7039.70257609, 29340.01226892],
       [ 7078.97122018, 29375.3540486 ],
       [ 7047.55630491, 29442.11074355],
       [ 7000.43393201, 29430.33015032],
       [ 6969.01901674, 29391.06150624],
       [ 6910.11605061, 29375.3540486 ],
       [ 6855.13994889, 29410.69582828],
       [ 6808.01757599, 29485.30625204],
       [ 6796.23698276, 29524.57489613],
       [ 6792.31011835, 29599.18531989],
       [ 6796.23698276, 29658.08828602],
       [ 6800.16384717, 29701.28379451],
       [ 6776.60266072, 29791.60167591],
       [ 6811.94444039, 29823.01659118],
       [ 6855.13994889, 29830.87032   ],
       [ 6917.96977943, 29834.79718441],
       [ 6980.79960996, 29823.01659118],
       [ 7051.48316932, 29819.08972677],
       [ 7098.60554222, 29823.01659118],
       [ 7165.36223717, 29854.43150645],
       [ 7212.48461007, 29874.06582849],
       [ 7251.75325416, 29885.84642172],
       [ 7322.43681351, 29889.77328613],
       [ 7404.90096609, 29885.84642172],
       [ 7444.16961018, 29881.91955731],
       [ 7483.43825426, 29870.13896408],
       [ 7550.19494921, 29858.35837086],
       [ 7703.34266114, 29850.50464204],
       [ 7754.39189846, 29823.01659118],
       [ 7797.58740695, 29807.30913355],
       [ 7880.05155953, 29771.96735387],
       [ 7958.5888477 , 29740.5524386 ],
       [ 8001.7843562 , 29728.77184537],
       [ 8052.83359351, 29677.72260806],
       [ 8115.66342405, 29630.60023516],
       [ 8170.63952577, 29610.96591312],
       [ 8202.05444104, 29552.06294699],
       [ 8241.32308512, 29493.15998086],
       [ 8272.73800039, 29453.89133677],
       [ 8300.22605125, 29394.98837064],
       [ 8315.93350889, 29332.15854011],
       [ 8327.71410211, 29292.88989602],
       [ 8370.90961061, 29198.64515021],
       [ 8386.61706824, 29139.74218409],
       [ 8394.47079706, 29092.61981118],
       [ 8406.25139028, 29041.57057387],
       [ 8414.1051191 , 28974.81387892],
       [ 8414.1051191 , 28845.22735344],
       [ 8229.5424919 , 28593.90803129],
       [ 8186.3469834 , 28582.12743806],
       [ 8135.29774609, 28566.41998043],
       [ 8084.24850878, 28535.00506516],
       [ 7950.73511889, 28468.24837022],
       [ 7919.32020362, 28440.76031936],
       [ 7880.05155953, 28413.2722685 ]])]