[array([[ 8646.401295  , 31292.81049372],
       [ 8701.37739672, 31269.24930727],
       [ 8756.35349844, 31269.24930727],
       [ 8791.69527812, 31316.37168018],
       [ 8858.45197307, 31339.93286663],
       [ 8925.20866801, 31383.12837512],
       [ 8960.55044769, 31414.54329039],
       [ 8988.03849855, 31465.5925277 ],
       [ 9039.08773586, 31512.7149006 ],
       [ 9105.84443081, 31614.81337523],
       [ 9133.33248167, 31669.78947695],
       [ 9133.33248167, 31748.32676512],
       [ 9152.96680371, 31822.93718888],
       [ 9152.96680371, 31877.9132906 ],
       [ 9121.55188844, 31995.71922286],
       [ 9097.99070199, 32046.76846017],
       [ 9050.86832909, 32105.6714263 ],
       [ 9007.67282059, 32172.42812125],
       [ 8956.62358328, 32211.69676533],
       [ 8913.42807479, 32219.55049415],
       [ 8830.96392221, 32239.18481619],
       [ 8740.64604081, 32278.45346028],
       [ 8685.66993909, 32298.08778232],
       [ 8638.54756619, 32309.86837555],
       [ 8575.71773565, 32309.86837555],
       [ 8497.18044748, 32305.94151114],
       [ 8450.05807457, 32302.01464673],
       [ 8391.15510844, 32337.35642641],
       [ 8340.10587113, 32411.96685017],
       [ 8285.12976941, 32482.65040953],
       [ 8257.64171855, 32533.69964684],
       [ 8245.86112533, 32576.89515533],
       [ 8222.29993888, 32631.87125705],
       [ 8202.66561683, 32690.77422318],
       [ 8163.39697275, 32769.31151136],
       [ 8135.90892189, 32816.43388426],
       [ 8096.6402778 , 32851.77566394],
       [ 8053.44476931, 32883.1905792 ],
       [ 8014.17612522, 32906.75176566],
       [ 7959.2000235 , 32926.3860877 ],
       [ 7908.15078619, 32949.94727415],
       [ 7841.39409124, 32973.5084606 ],
       [ 7809.97917597, 33000.99651146],
       [ 7770.71053189, 33032.41142673],
       [ 7692.17324372, 33059.89947759],
       [ 7617.56281995, 33012.77710469],
       [ 7558.65985382, 32961.72786738],
       [ 7507.61061651, 32942.09354533],
       [ 7464.41510802, 32863.55625716],
       [ 7452.63451479, 32820.36074867],
       [ 7425.14646393, 32730.04286727],
       [ 7409.4390063 , 32675.06676555],
       [ 7393.73154866, 32600.45634179],
       [ 7354.46290458, 32576.89515533],
       [ 7291.63307404, 32545.48024007],
       [ 7236.65697232, 32529.77278243],
       [ 7165.97341296, 32482.65040953],
       [ 7087.43612479, 32423.7474434 ],
       [ 7008.89883662, 32380.5519349 ],
       [ 6965.70332813, 32353.06388404],
       [ 6875.38544673, 32345.21015523],
       [ 6734.01832802, 32321.64896878],
       [ 6757.57951447, 31112.17473093],
       [ 6867.53171791, 31120.02845975],
       [ 6946.06900608, 31131.80905297],
       [ 7008.89883662, 31143.5896462 ],
       [ 7063.87493834, 31155.37023942],
       [ 7146.33909092, 31171.07769706],
       [ 7244.51070114, 31182.85829028],
       [ 7291.63307404, 31222.12693437],
       [ 7346.60917576, 31261.39557845],
       [ 7303.41366726, 31198.56574792],
       [ 7271.998752  , 31155.37023942],
       [ 7323.04798931, 31096.46727329],
       [ 7484.04943006, 31096.46727329],
       [ 7546.8792606 , 31092.54040889],
       [ 7601.85536232, 31065.05235803],
       [ 7656.83146404, 31029.71057835],
       [ 7707.88070135, 31010.0762563 ],
       [ 7790.34485393, 31010.0762563 ],
       [ 7872.80900651, 31014.00312071],
       [ 7919.93137941, 31025.78371394],
       [ 8057.37163371, 31057.19862921],
       [ 8249.78798974, 31131.80905297],
       [ 8379.37451522, 31178.93142587],
       [ 8453.98493898, 31198.56574792],
       [ 8524.66849834, 31210.34634114],
       [ 8587.49832887, 31241.76125641]])]