[array([[13989.54352671, 32874.09892384],
       [14044.70827101, 32855.41141168],
       [14117.0577989 , 32868.33097023],
       [14179.07167995, 32870.91488194],
       [13910.34486206, 33736.52530494],
       [13825.07577562, 33690.01489415],
       [13765.64580628, 33622.83318968],
       [13699.08690856, 33551.83103284],
       [13611.94992312, 33464.6940474 ],
       [13568.3814304 , 33430.80744195],
       [13519.97199404, 33406.60272377],
       [13452.19878314, 33382.39800559],
       [13389.26651588, 33377.55706196],
       [13268.24292499, 33377.55706196],
       [13214.99254499, 33387.23894923],
       [13142.37839046, 33411.44366741],
       [13031.03668684, 33455.01216013],
       [12953.58158867, 33484.05782194],
       [12900.33120867, 33513.10348376],
       [12827.71705414, 33566.35386375],
       [12779.30761778, 33600.2404692 ],
       [12735.73912506, 33663.17273646],
       [12697.01157597, 33759.99160918],
       [12672.80685779, 33818.08293281],
       [12614.71553417, 33885.85614371],
       [12575.98798508, 33924.58369279],
       [12503.37383055, 33982.67501642],
       [12479.16911237, 34035.92539641],
       [12425.91873237, 34118.22143822],
       [12387.19118329, 34152.10804367],
       [12295.21325421, 34127.90332549],
       [12241.96287422, 34118.22143822],
       [12188.71249422, 34084.33483277],
       [12101.57550878, 34006.8797346 ],
       [12038.64324152, 33953.62935461],
       [11985.39286153, 33910.06086188],
       [11936.98342517, 33851.96953826],
       [11893.41493245, 33793.87821463],
       [11874.0511579 , 33697.05934191],
       [11869.21021427, 33624.44518738],
       [11854.68738336, 33561.51292011],
       [11859.528327  , 33484.05782194],
       [11888.57398881, 33430.80744195],
       [11907.93776335, 33367.87517469],
       [11946.66531244, 33290.42007651],
       [11966.02908698, 33242.01064016],
       [12028.96135425, 33169.39648562],
       [12082.21173424, 33111.30516199],
       [12111.25739605, 33067.73666927],
       [12154.82588877, 33009.64534564],
       [12198.3943815 , 32961.23590929],
       [12251.64476149, 32888.62175475],
       [12280.6904233 , 32835.37137476],
       [12324.25891602, 32767.59816386],
       [12353.30457784, 32714.34778387],
       [12396.87307056, 32641.73362933],
       [12445.28250692, 32588.48324934],
       [12469.4872251 , 32544.91475662],
       [12503.37383055, 32486.82343299],
       [12542.10137963, 32414.20927845],
       [12575.98798508, 32346.43606755],
       [12629.23836507, 32215.73058939],
       [12663.12497052, 32123.75266031],
       [12730.89818142, 32012.41095669],
       [12779.30761778, 31983.36529487],
       [12842.23988504, 31978.52435124],
       [12997.15008139, 31978.52435124],
       [13045.55951774, 31997.88812578],
       [13098.80989774, 32026.9337876 ],
       [13161.742165  , 32051.13850577],
       [13214.99254499, 32138.27549122],
       [13229.5153759 , 32201.20775848],
       [13292.44764316, 32264.14002575],
       [13350.53896679, 32327.07229301],
       [13457.03972678, 32404.52739118],
       [13519.97199404, 32462.61871481],
       [13602.26803585, 32535.23286934],
       [13655.51841584, 32573.96041843],
       [13694.24596493, 32632.05174206],
       [13771.7010631 , 32753.07533295],
       [13800.74672491, 32816.00760022],
       [13844.31521764, 32854.7351493 ],
       [13892.72465399, 32864.41703657],
       [13950.81597762, 32854.7351493 ]])]