[array([[15741.98806479, 25938.64125886],
       [15767.4711355 , 25843.07974369],
       [15777.02728702, 25811.2259053 ],
       [15777.02728702, 25757.07438004],
       [15783.39805469, 25693.36670327],
       [15786.58343853, 25645.58594568],
       [15783.39805469, 25575.50750123],
       [15783.39805469, 25514.98520829],
       [15780.21267086, 25428.97984464],
       [15757.91498398, 25374.82831938],
       [15722.87576176, 25304.74987493],
       [15710.1342264 , 25272.89603654],
       [15687.83653953, 25228.3006628 ],
       [15652.7973173 , 25151.85145066],
       [15633.68501427, 25123.18299611],
       [15617.75809507, 25094.51454156],
       [15579.53348901, 25049.91916782],
       [15509.45504455, 25011.69456175],
       [15448.93275162, 24992.58225872],
       [15280.10740816, 24967.09918801],
       [15235.51203441, 24967.09918801],
       [15184.54589299, 24973.46995569],
       [14471.01991309, 26607.57186501],
       [14435.98069086, 26785.95335999],
       [14496.5029838 , 26897.44179435],
       [14528.35682219, 26996.18869335],
       [14547.46912522, 27079.00867316],
       [14576.13757977, 27123.60404691],
       [14649.40140807, 27180.94095601],
       [14719.47985252, 27203.23864288],
       [14789.55829698, 27215.98017823],
       [14875.56366062, 27225.53632975],
       [14916.97365053, 27225.53632975],
       [14974.31055963, 27136.34558226],
       [15006.16439802, 27082.194057  ],
       [15038.01823641, 27056.71098629],
       [15069.87207479, 27043.96945094],
       [15111.2820647 , 27008.93022871],
       [15139.95051925, 26983.447158  ],
       [15174.98974148, 26948.40793577],
       [15225.9558829 , 26906.99794586],
       [15264.18048896, 26865.58795596],
       [15289.66355967, 26792.32412767],
       [15324.7027819 , 26719.06029937],
       [15347.00046877, 26680.83569331],
       [15369.29815565, 26588.45956198],
       [15372.48353948, 26531.12265288],
       [15397.96661019, 26448.30267307],
       [15433.00583242, 26381.40961246],
       [15464.85967081, 26355.92654175],
       [15503.08427688, 26314.51655184],
       [15550.86503446, 26231.69657203],
       [15557.23580214, 26180.73043061],
       [15557.23580214, 26123.39352151],
       [15569.97733749, 26072.42738009],
       [15582.71887285, 26027.83200634],
       [15620.94347891, 25995.97816796],
       [15649.61193346, 25976.86586492]])]