[array([[11044.98889276, 30907.33949098],
       [11068.22365531, 30853.12504502],
       [11110.82071999, 30810.52798034],
       [11165.03516595, 30806.65551992],
       [11273.46405787, 30806.65551992],
       [11347.04080596, 30810.52798034],
       [11401.25525191, 30810.52798034],
       [11501.93922298, 30818.27290119],
       [11567.77105022, 30818.27290119],
       [11664.58256086, 30833.7627429 ],
       [11726.54192767, 30845.38012417],
       [11792.3737549 , 30864.7424263 ],
       [11862.07804256, 30884.10472843],
       [11924.03740937, 30899.59457013],
       [11978.25185533, 30934.44671396],
       [12016.97645959, 30957.68147652],
       [12082.80828682, 30992.53362035],
       [12113.78797023, 31019.64084333],
       [12129.27781193, 31073.85528928],
       [12140.89519321, 31131.94219567],
       [12148.64011406, 31193.90156248],
       [12175.74733704, 31259.73338971],
       [12195.10963917, 31298.45799397],
       [12233.83424342, 31325.56521695],
       [12268.68638725, 31379.77966291],
       [12303.53853109, 31430.12164844],
       [12334.51821449, 31492.08101525],
       [12346.13559577, 31550.16792164],
       [12350.00805619, 31631.48959057],
       [12350.00805619, 31743.79094292],
       [12369.37035832, 31887.07197867],
       [12369.37035832, 32088.4399208 ],
       [12357.75297704, 32162.01666888],
       [12338.39067492, 32212.35865442],
       [12315.15591236, 32266.57310038],
       [12295.79361023, 32309.17016506],
       [12272.55884768, 32351.76722974],
       [12237.70670385, 32440.83381953],
       [12218.34440172, 32487.30334464],
       [12168.00241619, 32553.13517187],
       [12125.40535151, 32615.09453868],
       [12094.4256681 , 32665.43652422],
       [12032.46630129, 32742.88573273],
       [11989.86923661, 32789.35525784],
       [11955.01709278, 32843.56970379],
       [11912.4200281 , 32890.0392289 ],
       [11842.71574044, 32936.50875401],
       [11803.99113618, 32967.48843741],
       [11765.26653192, 32986.85073954],
       [11656.83764001, 32986.85073954],
       [11606.49565447, 32971.36089784],
       [11560.02612937, 32955.87105614],
       [11521.30152511, 32940.38121443],
       [11482.57692085, 32905.5290706 ],
       [11451.59723745, 32866.80446635],
       [11416.74509362, 32839.69724337],
       [11378.02048936, 32812.59002039],
       [11339.29588511, 32793.22771826],
       [11288.95389957, 32766.12049528],
       [11180.52500765, 32715.77850975],
       [11145.67286382, 32692.54374719],
       [11037.24397191, 32634.45684081],
       [10979.15706552, 32607.34961783],
       [10917.19769871, 32603.47715741],
       [10870.7281736 , 32599.60469698],
       [10820.38618807, 32599.60469698],
       [10762.29928169, 32591.85977613],
       [10708.08483573, 32587.9873157 ],
       [10649.99792934, 32572.497474  ],
       [10611.27332509, 32549.26271145],
       [10584.16610211, 32444.70627995],
       [10584.16610211, 32347.89476931],
       [10588.03856253, 32262.70063995],
       [10588.03856253, 32216.23111484],
       [10591.91102296, 32131.03698548],
       [10611.27332509, 32080.69499995],
       [10626.76316679, 32030.35301441],
       [10653.87038977, 31980.01102888],
       [10684.85007317, 31890.94443909],
       [10719.70221701, 31813.49523058],
       [10731.31959828, 31755.40832419],
       [10754.55436084, 31705.06633866],
       [10781.66158382, 31658.59681355],
       [10835.87602977, 31511.44331738],
       [10851.36587148, 31445.61149014],
       [10866.85571318, 31395.26950461],
       [10890.09047573, 31302.3304544 ],
       [10893.96293616, 31263.60585014],
       [10955.92230297, 31089.34513099],
       [10979.15706552, 31046.7480663 ],
       [10998.51936765, 30977.04377864],
       [11021.7541302 , 30922.82933268]])]