[array([[14323.35826453, 23560.68593935],
       [14376.60864452, 23502.59461572],
       [14381.44958816, 23449.34423573],
       [14405.65430634, 23381.57102483],
       [14429.85902452, 23328.32064484],
       [14439.54091179, 23221.81988485],
       [14463.74562997, 23139.52384304],
       [14463.74562997, 23076.59157578],
       [14429.85902452, 22965.24987216],
       [14405.65430634, 22902.31760489],
       [14362.08581362, 22849.0672249 ],
       [14318.5173209 , 22805.49873218],
       [14313.67637726, 22868.43099944],
       [14236.22127909, 22945.88609761],
       [14221.69844818, 23003.97742124],
       [14168.44806819, 23066.90968851],
       [14124.87957547, 23100.79629396],
       [14090.99297002, 23144.36478668],
       [14042.58353366, 23212.13799758],
       [14008.69692821, 23255.7064903 ],
       [13984.49221003, 23207.29705394],
       [13950.60560458, 23163.72856122],
       [13950.60560458, 22999.13647761],
       [13969.96937912, 22936.20421034],
       [13994.1740973 , 22882.95383035],
       [14023.21975912, 22805.49873218],
       [14042.58353366, 22742.56646492],
       [14052.26542093, 22689.31608492],
       [14032.90164639, 22640.90664857],
       [13974.81032276, 22626.38381766],
       [13921.55994277, 22694.15702856],
       [13873.15050641, 22761.93023946],
       [13848.94578823, 22824.86250672],
       [13848.94578823, 22916.8404358 ],
       [13844.1048446 , 22979.77270306],
       [13844.1048446 , 23047.54591396],
       [13829.58201369, 23115.31912486],
       [13805.37729551, 23202.45611031],
       [13790.8544646 , 23250.86554666],
       [13781.17257733, 23304.11592666],
       [13795.69540824, 23376.73008119],
       [13819.90012642, 23449.34423573],
       [13829.58201369, 23502.59461572],
       [13839.26390096, 23580.04971389],
       [13839.26390096, 23642.98198116],
       [13790.8544646 , 23681.70953024],
       [13732.76314098, 23657.50481206],
       [13727.92219734, 23604.25443207],
       [13713.39936643, 23555.84499571],
       [13640.7852119 , 23521.95839026],
       [13563.33011373, 23517.11744663],
       [13481.03407192, 23521.95839026],
       [13432.62463556, 23541.32216481],
       [13389.05614284, 23589.73160116],
       [13335.80576285, 23672.02764297],
       [13321.28293194, 23749.48274114],
       [13316.4419883 , 23812.41500841],
       [13282.55538285, 23880.18821931],
       [13253.50972104, 23928.59765566],
       [13176.05462287, 23981.84803566],
       [13103.44046833, 23981.84803566],
       [13064.71291925, 24059.30313383],
       [13064.71291925, 24131.91728836],
       [13084.07669379, 24199.69049926],
       [13108.28141197, 24248.09993562],
       [13132.48613015, 24306.19125925],
       [13137.32707378, 24354.6006956 ],
       [13147.00896106, 24417.53296287],
       [13151.84990469, 24465.94239923],
       [13151.84990469, 24582.12504648],
       [13011.46253926, 24761.239961  ],
       [13059.87197561, 24872.58166462],
       [13127.64518651, 24954.87770643],
       [14352.40392635, 24790.28562282],
       [14536.3597845 , 24669.26203193],
       [14483.10940451, 24577.28410285],
       [14473.42751724, 24441.73768105],
       [14420.17713724, 24359.44163924],
       [14425.01808088, 24311.03220288],
       [14429.85902452, 24219.0542738 ],
       [14429.85902452, 24160.96295018],
       [14425.01808088, 24088.34879564],
       [14425.01808088, 23899.55199385],
       [14391.13147543, 23773.68745932],
       [14371.76770089, 23725.27802296],
       [14299.15354635, 23633.30009388]])]