[array([[ 9638.75651701, 30391.73486638],
       [ 9638.75651701, 30316.80142678],
       [ 9651.67607556, 30234.11625204],
       [ 9659.42781069, 30197.9414881 ],
       [ 9662.0117224 , 30148.8471656 ],
       [ 9662.0117224 , 30045.49069718],
       [ 9656.84389898, 29988.64463955],
       [ 9638.75651701, 29957.63769903],
       [ 9618.08522332, 29898.20772969],
       [ 9594.83001793, 29862.03296574],
       [ 9568.99090083, 29838.77776035],
       [ 9540.56787201, 29818.10646667],
       [ 9496.64137293, 29789.68343785],
       [ 9455.29878557, 29766.42823246],
       [ 9429.45966846, 29750.92476219],
       [ 9395.86881623, 29743.17302706],
       [ 9357.11014057, 29738.00520364],
       [ 9310.59972978, 29735.42129193],
       [ 9271.84105413, 29735.42129193],
       [ 9235.66629018, 29740.58911535],
       [ 9168.48458571, 29769.01214417],
       [ 9132.30982176, 29781.93170272],
       [ 9085.79941098, 29805.18690811],
       [ 9059.96029387, 29815.52255495],
       [ 9016.0337948 , 29831.02602522],
       [ 8966.9394723 , 29843.94558377],
       [ 8941.10035519, 29851.6973189 ],
       [ 8848.07953362, 29900.7916414 ],
       [ 8822.24041651, 29908.54337653],
       [ 8786.06565257, 29921.46293508],
       [ 8757.64262375, 29924.04684679],
       [ 8718.8839481 , 29924.04684679],
       [ 8687.87700757, 29911.12728824],
       [ 8620.6953031 , 29867.20078916],
       [ 8561.26533376, 29838.77776035],
       [ 8507.00318784, 29807.77081982],
       [ 8460.49277705, 29787.09952614],
       [ 8419.15018969, 29776.7638793 ],
       [ 8271.86722219, 29487.36576773],
       [ 8295.12242759, 29438.27144523],
       [ 8315.79372127, 29391.76103444],
       [ 8339.04892666, 29355.5862705 ],
       [ 8357.13630864, 29314.24368313],
       [ 8367.47195548, 29285.82065432],
       [ 8380.39151403, 29262.56544892],
       [ 8401.06280771, 29218.63894985],
       [ 8411.39845456, 29187.63200932],
       [ 8424.31801311, 29135.95377511],
       [ 8434.65365995, 29079.10771748],
       [ 8437.23757166, 29045.51686525],
       [ 8437.23757166, 28926.65692657],
       [ 8439.82148337, 28882.73042749],
       [ 8439.82148337, 28841.38784012],
       [ 8421.7341014 , 28812.96481131],
       [ 8390.72716087, 28797.46134105],
       [ 8359.72022035, 28769.03831223],
       [ 8344.21675008, 28743.19919513],
       [ 8331.29719153, 28717.36007802],
       [ 8320.96154469, 28686.3531375 ],
       [ 8282.20286903, 28647.59446184],
       [ 8248.6120168 , 28624.33925645],
       [ 8220.18898798, 28598.50013934],
       [ 8189.18204746, 28567.49319882],
       [ 8165.92684206, 28554.57364027],
       [ 8137.50381325, 28541.65408171],
       [ 8109.08078444, 28526.15061145],
       [ 8065.15428536, 28515.81496461],
       [ 7997.97258089, 28484.80802408],
       [ 7954.04608181, 28466.72064211],
       [ 7930.79087642, 28453.80108356],
       [ 7904.95175931, 28427.96196646],
       [ 7886.86437734, 28399.53893764],
       [ 7879.11264221, 28358.19635027],
       [ 7884.28046563, 28283.26291067],
       [ 7902.3678476 , 28226.41685304],
       [ 7915.28740615, 28190.2420891 ],
       [ 7928.20696471, 28166.9868837 ],
       [ 7956.62999352, 28123.06038462],
       [ 7977.3012872 , 28099.80517923],
       [ 8005.72431602, 28076.54997384],
       [ 8036.73125654, 28063.63041528],
       [ 8196.93378259, 28063.63041528],
       [ 8225.3568114 , 28061.04650357],
       [ 8460.49277705, 28061.04650357],
       [ 8507.00318784, 28073.96606213],
       [ 8532.84230495, 28079.13388555],
       [ 8581.93662744, 28092.0534441 ],
       [ 8623.27921481, 28110.14082607],
       [ 8659.45397876, 28120.47647291],
       [ 8685.29309586, 28143.73167831],
       [ 8693.04483099, 28169.57079541],
       [ 8716.30003639, 28197.99382423],
       [ 8749.89088862, 28210.91338278],
       [ 8814.48868138, 28223.83294133],
       [ 8879.08647414, 28239.33641159],
       [ 8923.01297322, 28254.83988186],
       [ 8956.60382546, 28270.34335212],
       [ 8979.85903085, 28285.84682238],
       [ 9003.11423624, 28306.51811607],
       [ 9036.70508848, 28332.35723317],
       [ 9078.04767585, 28373.69982054],
       [ 9119.39026321, 28407.29067277],
       [ 9134.89373347, 28435.71370159],
       [ 9158.14893887, 28495.14367093],
       [ 9171.06849742, 28518.39887632],
       [ 9189.15587939, 28554.57364027],
       [ 9196.90761453, 28582.99666908],
       [ 9220.16281992, 28637.258815  ],
       [ 9240.8341136 , 28678.60140237],
       [ 9297.68017123, 28735.44746   ],
       [ 9385.53316939, 28797.46134105],
       [ 9416.54010991, 28825.88436986],
       [ 9450.13096215, 28893.06607433],
       [ 9473.38616754, 28918.90519144],
       [ 9496.64137293, 28949.91213196],
       [ 9517.31266662, 28980.91907249],
       [ 9576.74263596, 29006.75818959],
       [ 9605.16566477, 29017.09383643],
       [ 9641.34042872, 29024.84557156],
       [ 9674.93128095, 29030.01339498],
       [ 9703.35430977, 29042.93295354],
       [ 9780.87166108, 29104.94683459],
       [ 9806.71077819, 29120.45030485],
       [ 9858.38901239, 29148.87333366],
       [ 9884.2281295 , 29161.79289222],
       [ 9917.81898173, 29174.71245077],
       [ 9943.65809884, 29182.4641859 ],
       [ 9974.66503936, 29182.4641859 ],
       [10023.75936186, 29203.13547958],
       [10047.01456726, 29216.05503814],
       [10078.02150778, 29247.06197866],
       [10080.60541949, 29285.82065432],
       [10080.60541949, 29321.99541826],
       [10093.52497804, 29415.01623984],
       [10103.86062489, 29508.03706141],
       [10103.86062489, 29567.46703075],
       [10111.61236002, 29647.56829378],
       [10119.36409515, 29675.99132259],
       [10121.94800686, 29701.8304397 ],
       [10121.94800686, 29797.43517298],
       [10124.53191857, 29833.60993693],
       [10124.53191857, 29877.53643601],
       [10116.78018344, 29944.71814048],
       [10114.19627173, 29978.30899271],
       [10103.86062489, 30032.57113863],
       [10098.69280146, 30068.74590258],
       [10075.43759607, 30110.08848994],
       [10057.3502141 , 30146.26325389],
       [10028.92718528, 30197.9414881 ],
       [ 9961.74548081, 30275.45883941],
       [ 9935.90636371, 30298.7140448 ],
       [ 9915.23507002, 30319.38533849],
       [ 9879.06030608, 30347.8083673 ],
       [ 9858.38901239, 30368.47966099],
       [ 9832.54989529, 30383.98313125],
       [ 9809.2946899 , 30402.07051322],
       [ 9775.70383766, 30409.82224835]])]