[array([[22410.15362971, 29635.5762782 ],
       [22422.89516506, 29575.05398527],
       [22442.0074681 , 29511.34630849],
       [22457.93438729, 29425.34094484],
       [22464.30515497, 29383.93095494],
       [22480.23207416, 29345.70634887],
       [22486.60284184, 29304.29635897],
       [22508.90052871, 29208.7348438 ],
       [22524.82744791, 29145.02716702],
       [22550.31051862, 29100.43179328],
       [22566.23743781, 29065.39257105],
       [22572.60820549, 29014.42642963],
       [22572.60820549, 28941.16260134],
       [22575.79358933, 28877.45492456],
       [22585.34974085, 28810.56186394],
       [22594.90589236, 28769.15187404],
       [22607.64742772, 28737.29803565],
       [22610.83281156, 28702.25881342],
       [22604.46204388, 28660.84882352],
       [22601.27666004, 28628.99498513],
       [22578.97897317, 28485.65271238],
       [22575.79358933, 28453.79887399],
       [22575.79358933, 28418.75965177],
       [22572.60820549, 28351.86659115],
       [22563.05205397, 28294.52968205],
       [22563.05205397, 28224.4512376 ],
       [22556.6812863 , 28176.67048002],
       [22556.6812863 , 28106.59203556],
       [22591.72050852, 28026.95743959],
       [22639.50126611, 27991.91821736],
       [22703.20894288, 27956.87899514],
       [22738.24816511, 27953.6936113 ],
       [22811.5119934 , 27969.62053049],
       [22910.25889241, 27979.17668201],
       [23009.00579141, 27982.36206585],
       [23142.79191264, 28007.84513656],
       [23311.6172561 , 28033.32820727],
       [23381.69570056, 28049.25512646],
       [23467.7010642 , 28084.29434869],
       [23652.45332686, 28125.70433859],
       [23722.53177131, 28148.00202547],
       [23767.12714506, 28160.74356082],
       [23795.79559961, 28186.22663153],
       [23827.64943799, 28240.37815679],
       [23827.64943799, 28307.27121741],
       [23849.94712487, 28383.72042954],
       [23853.1325087 , 28469.72579319],
       [23856.31789254, 28517.50655077],
       [23862.68866022, 28587.58499523],
       [23878.61557942, 28651.292672  ],
       [23881.80096325, 28708.6295811 ],
       [23881.80096325, 28820.11801546],
       [23859.50327638, 28899.75261143],
       [23859.50327638, 28941.16260134],
       [23856.31789254, 29001.68489428],
       [23843.57635719, 29036.7241165 ],
       [23840.39097335, 29087.69025792],
       [23846.76174103, 29141.84178318],
       [23869.0594279 , 29167.3248539 ],
       [23897.72788245, 29189.62254077],
       [23939.13787235, 29246.95944987],
       [23961.43555923, 29288.36943977],
       [23967.8063269 , 29336.15019735],
       [23967.8063269 , 29387.11633878],
       [23990.10401377, 29418.97017716],
       [24018.77246832, 29489.04862162],
       [24025.143236  , 29527.27322768],
       [24044.25553904, 29562.31244991],
       [24047.44092287, 29594.1662883 ],
       [24031.51400368, 29622.83474285],
       [24025.143236  , 29673.80088427],
       [24018.77246832, 29740.69394489],
       [24002.84554913, 29778.91855095],
       [23970.99171074, 29823.5139247 ],
       [23939.13787235, 29903.14852067],
       [23900.91326629, 29966.85619744],
       [23878.61557942, 29992.33926816],
       [23853.1325087 , 30027.37849038],
       [23824.46405416, 30056.04694493],
       [23792.61021577, 30075.15924797],
       [23744.82945818, 30122.94000555],
       [23687.49254908, 30164.34999545],
       [23576.00411473, 30154.79384394],
       [23521.85258947, 30126.12538939],
       [23470.88644804, 30107.01308635],
       [23429.47645814, 30081.53001564],
       [23378.51031672, 30046.49079342],
       [23321.17340762, 29985.96850048],
       [23282.94880155, 29960.48542977],
       [23254.280347  , 29922.2608237 ],
       [23238.35342781, 29880.8508338 ],
       [23206.49958942, 29823.5139247 ],
       [23181.01651871, 29775.73316711],
       [23181.01651871, 29715.21087418],
       [23200.12882174, 29670.61550043],
       [23235.16804397, 29638.76166204],
       [23289.31956923, 29626.02012669],
       [23356.21262985, 29594.1662883 ],
       [23400.80800359, 29575.05398527],
       [23435.84722582, 29552.7562984 ],
       [23461.33029653, 29495.4193893 ],
       [23480.44259956, 29444.45324787],
       [23489.99875108, 29368.00403574],
       [23489.99875108, 29313.85251048],
       [23493.18413492, 29246.95944987],
       [23493.18413492, 29192.80792461],
       [23486.81336724, 29125.91486399],
       [23486.81336724, 29068.57795489],
       [23474.07183188, 29011.24104579],
       [23467.7010642 , 28969.83105589],
       [23458.14491269, 28931.60644982],
       [23423.10569046, 28874.26954072],
       [23381.69570056, 28829.67416698],
       [23356.21262985, 28807.37648011],
       [23295.69033691, 28750.03957101],
       [23241.53881165, 28715.00034878],
       [23206.49958942, 28702.25881342],
       [23168.27498335, 28695.88804575],
       [23130.05037729, 28699.07342959],
       [23098.1965389 , 28715.00034878],
       [23037.67424596, 28753.22495485],
       [22973.96656918, 28823.3033993 ],
       [22945.29811463, 28867.89877304],
       [22929.37119544, 28912.49414679],
       [22907.07350857, 28982.57259124],
       [22884.7758217 , 29043.09488418],
       [22872.03428634, 29074.94872257],
       [22849.73659947, 29109.9879448 ],
       [22833.80968028, 29160.95408622],
       [22808.32660956, 29218.29099532],
       [22789.21430653, 29304.29635897],
       [22766.91661966, 29339.33558119],
       [22754.1750843 , 29377.56018726],
       [22741.43354895, 29409.41402565],
       [22703.20894288, 29466.75093475],
       [22671.35510449, 29498.60477313],
       [22645.87203378, 29552.7562984 ],
       [22629.94511459, 29584.61013678],
       [22598.0912762 , 29641.94704588],
       [22591.72050852, 29676.98626811]])]