[array([[ 9716.31913783, 11643.11      ],
       [ 9714.66139409, 11695.86026132],
       [ 9709.69470521, 11748.40234146],
       [ 9701.43867244, 11800.52888083],
       [ 9689.92587858, 11852.0341598 ],
       [ 9675.20175937, 11902.71491055],
       [ 9657.32442417, 11952.37111933],
       [ 9636.36442667, 12000.80681575],
       [ 9612.40448638, 12047.83084626],
       [ 9585.53916226, 12093.25762849],
       [ 9555.87447947, 12136.90788368],
       [ 9523.52751095, 12178.60934422],
       [ 9488.6259154 , 12218.1974335 ],
       [ 9451.3074335 , 12255.5159154 ],
       [ 9411.71934422, 12290.41751095],
       [ 9370.01788368, 12322.76447947],
       [ 9326.36762849, 12352.42916226],
       [ 9280.94084626, 12379.29448638],
       [ 9233.91681575, 12403.25442667],
       [ 9185.48111933, 12424.21442417],
       [ 9135.82491055, 12442.09175937],
       [ 9085.1441598 , 12456.81587858],
       [ 9033.63888083, 12468.32867244],
       [ 8981.51234146, 12476.58470521],
       [ 8928.97026132, 12481.55139409],
       [ 8876.22      , 12483.20913783],
       [ 8823.46973868, 12481.55139409],
       [ 8770.92765854, 12476.58470521],
       [ 8718.80111917, 12468.32867244],
       [ 8667.2958402 , 12456.81587858],
       [ 8616.61508945, 12442.09175937],
       [ 8566.95888067, 12424.21442417],
       [ 8518.52318425, 12403.25442667],
       [ 8471.49915374, 12379.29448638],
       [ 8426.07237151, 12352.42916226],
       [ 8382.42211632, 12322.76447947],
       [ 8340.72065578, 12290.41751095],
       [ 8301.1325665 , 12255.5159154 ],
       [ 8263.8140846 , 12218.1974335 ],
       [ 8228.91248905, 12178.60934422],
       [ 8196.56552053, 12136.90788368],
       [ 8166.90083774, 12093.25762849],
       [ 8140.03551362, 12047.83084626],
       [ 8116.07557333, 12000.80681575],
       [ 8095.11557583, 11952.37111933],
       [ 8077.23824063, 11902.71491055],
       [ 8062.51412142, 11852.0341598 ],
       [ 8051.00132756, 11800.52888083],
       [ 8042.74529479, 11748.40234146],
       [ 8037.77860591, 11695.86026132],
       [ 8036.12086217, 11643.11      ],
       [ 8037.77860591, 11590.35973868],
       [ 8042.74529479, 11537.81765854],
       [ 8051.00132756, 11485.69111917],
       [ 8062.51412142, 11434.1858402 ],
       [ 8077.23824063, 11383.50508945],
       [ 8095.11557583, 11333.84888067],
       [ 8116.07557333, 11285.41318425],
       [ 8140.03551362, 11238.38915374],
       [ 8166.90083774, 11192.96237151],
       [ 8196.56552053, 11149.31211632],
       [ 8228.91248905, 11107.61065578],
       [ 8263.8140846 , 11068.0225665 ],
       [ 8301.1325665 , 11030.7040846 ],
       [ 8340.72065578, 10995.80248905],
       [ 8382.42211632, 10963.45552053],
       [ 8426.07237151, 10933.79083774],
       [ 8471.49915374, 10906.92551362],
       [ 8518.52318425, 10882.96557333],
       [ 8566.95888067, 10862.00557583],
       [ 8616.61508945, 10844.12824063],
       [ 8667.2958402 , 10829.40412142],
       [ 8718.80111917, 10817.89132756],
       [ 8770.92765854, 10809.63529479],
       [ 8823.46973868, 10804.66860591],
       [ 8876.22      , 10803.01086217],
       [ 8928.97026132, 10804.66860591],
       [ 8981.51234146, 10809.63529479],
       [ 9033.63888083, 10817.89132756],
       [ 9085.1441598 , 10829.40412142],
       [ 9135.82491055, 10844.12824063],
       [ 9185.48111933, 10862.00557583],
       [ 9233.91681575, 10882.96557333],
       [ 9280.94084626, 10906.92551362],
       [ 9326.36762849, 10933.79083774],
       [ 9370.01788368, 10963.45552053],
       [ 9411.71934422, 10995.80248905],
       [ 9451.3074335 , 11030.7040846 ],
       [ 9488.6259154 , 11068.0225665 ],
       [ 9523.52751095, 11107.61065578],
       [ 9555.87447947, 11149.31211632],
       [ 9585.53916226, 11192.96237151],
       [ 9612.40448638, 11238.38915374],
       [ 9636.36442667, 11285.41318425],
       [ 9657.32442417, 11333.84888067],
       [ 9675.20175937, 11383.50508945],
       [ 9689.92587858, 11434.1858402 ],
       [ 9701.43867244, 11485.69111917],
       [ 9709.69470521, 11537.81765854],
       [ 9714.66139409, 11590.35973868]])]