[array([[4631.98527061, 8548.08      ],
       [4631.19683955, 8573.16828302],
       [4628.83465796, 8598.15755405],
       [4624.90804828, 8622.94919186],
       [4619.43250705, 8647.44535516],
       [4612.42964373, 8671.54936881],
       [4603.92709542, 8695.16610526],
       [4593.9584178 , 8718.20236006],
       [4582.56295268, 8740.56721962],
       [4569.78567275, 8762.17242007],
       [4555.67700411, 8782.93269554],
       [4540.29262722, 8802.76611471],
       [4523.69325719, 8821.59440415],
       [4505.94440415, 8839.34325719],
       [4487.11611471, 8855.94262722],
       [4467.28269554, 8871.32700411],
       [4446.52242007, 8885.43567275],
       [4424.91721962, 8898.21295268],
       [4402.55236006, 8909.6084178 ],
       [4379.51610526, 8919.57709542],
       [4355.89936881, 8928.07964373],
       [4331.79535516, 8935.08250705],
       [4307.29919186, 8940.55804828],
       [4282.50755405, 8944.48465796],
       [4257.51828302, 8946.84683955],
       [4232.43      , 8947.63527061],
       [4207.34171698, 8946.84683955],
       [4182.35244595, 8944.48465796],
       [4157.56080814, 8940.55804828],
       [4133.06464484, 8935.08250705],
       [4108.96063119, 8928.07964373],
       [4085.34389474, 8919.57709542],
       [4062.30763994, 8909.6084178 ],
       [4039.94278038, 8898.21295268],
       [4018.33757993, 8885.43567275],
       [3997.57730446, 8871.32700411],
       [3977.74388529, 8855.94262722],
       [3958.91559585, 8839.34325719],
       [3941.16674281, 8821.59440415],
       [3924.56737278, 8802.76611471],
       [3909.18299589, 8782.93269554],
       [3895.07432725, 8762.17242007],
       [3882.29704732, 8740.56721962],
       [3870.9015822 , 8718.20236006],
       [3860.93290458, 8695.16610526],
       [3852.43035627, 8671.54936881],
       [3845.42749295, 8647.44535516],
       [3839.95195172, 8622.94919186],
       [3836.02534204, 8598.15755405],
       [3833.66316045, 8573.16828302],
       [3832.87472939, 8548.08      ],
       [3833.66316045, 8522.99171698],
       [3836.02534204, 8498.00244595],
       [3839.95195172, 8473.21080814],
       [3845.42749295, 8448.71464484],
       [3852.43035627, 8424.61063119],
       [3860.93290458, 8400.99389474],
       [3870.9015822 , 8377.95763994],
       [3882.29704732, 8355.59278038],
       [3895.07432725, 8333.98757993],
       [3909.18299589, 8313.22730446],
       [3924.56737278, 8293.39388529],
       [3941.16674281, 8274.56559585],
       [3958.91559585, 8256.81674281],
       [3977.74388529, 8240.21737278],
       [3997.57730446, 8224.83299589],
       [4018.33757993, 8210.72432725],
       [4039.94278038, 8197.94704732],
       [4062.30763994, 8186.5515822 ],
       [4085.34389474, 8176.58290458],
       [4108.96063119, 8168.08035627],
       [4133.06464484, 8161.07749295],
       [4157.56080814, 8155.60195172],
       [4182.35244595, 8151.67534204],
       [4207.34171698, 8149.31316045],
       [4232.43      , 8148.52472939],
       [4257.51828302, 8149.31316045],
       [4282.50755405, 8151.67534204],
       [4307.29919186, 8155.60195172],
       [4331.79535516, 8161.07749295],
       [4355.89936881, 8168.08035627],
       [4379.51610526, 8176.58290458],
       [4402.55236006, 8186.5515822 ],
       [4424.91721962, 8197.94704732],
       [4446.52242007, 8210.72432725],
       [4467.28269554, 8224.83299589],
       [4487.11611471, 8240.21737278],
       [4505.94440415, 8256.81674281],
       [4523.69325719, 8274.56559585],
       [4540.29262722, 8293.39388529],
       [4555.67700411, 8313.22730446],
       [4569.78567275, 8333.98757993],
       [4582.56295268, 8355.59278038],
       [4593.9584178 , 8377.95763994],
       [4603.92709542, 8400.99389474],
       [4612.42964373, 8424.61063119],
       [4619.43250705, 8448.71464484],
       [4624.90804828, 8473.21080814],
       [4628.83465796, 8498.00244595],
       [4631.19683955, 8522.99171698]])]