[array([[12773.00787341,  5438.31      ],
       [12771.99112969,  5470.66330956],
       [12768.94491117,  5502.88893539],
       [12763.88123989,  5534.85969767],
       [12756.82009982,  5566.4494224 ],
       [12747.78935808,  5597.53343937],
       [12736.82465486,  5627.98907417],
       [12723.96926285,  5657.69613231],
       [12709.27391641,  5686.53737362],
       [12692.79661135,  5714.3989749 ],
       [12674.60237607,  5741.17097912],
       [12654.7630149 ,  5766.74772942],
       [12633.35682475,  5791.02828605],
       [12610.46828605,  5813.91682475],
       [12586.18772942,  5835.3230149 ],
       [12560.61097912,  5855.16237607],
       [12533.8389749 ,  5873.35661135],
       [12505.97737362,  5889.83391641],
       [12477.13613231,  5904.52926285],
       [12447.42907417,  5917.38465486],
       [12416.97343937,  5928.34935808],
       [12385.8894224 ,  5937.38009982],
       [12354.29969767,  5944.44123989],
       [12322.32893539,  5949.50491117],
       [12290.10330956,  5952.55112969],
       [12257.75      ,  5953.56787341],
       [12225.39669044,  5952.55112969],
       [12193.17106461,  5949.50491117],
       [12161.20030233,  5944.44123989],
       [12129.6105776 ,  5937.38009982],
       [12098.52656063,  5928.34935808],
       [12068.07092583,  5917.38465486],
       [12038.36386769,  5904.52926285],
       [12009.52262638,  5889.83391641],
       [11981.6610251 ,  5873.35661135],
       [11954.88902088,  5855.16237607],
       [11929.31227058,  5835.3230149 ],
       [11905.03171395,  5813.91682475],
       [11882.14317525,  5791.02828605],
       [11860.7369851 ,  5766.74772942],
       [11840.89762393,  5741.17097912],
       [11822.70338865,  5714.3989749 ],
       [11806.22608359,  5686.53737362],
       [11791.53073715,  5657.69613231],
       [11778.67534514,  5627.98907417],
       [11767.71064192,  5597.53343937],
       [11758.67990018,  5566.4494224 ],
       [11751.61876011,  5534.85969767],
       [11746.55508883,  5502.88893539],
       [11743.50887031,  5470.66330956],
       [11742.49212659,  5438.31      ],
       [11743.50887031,  5405.95669044],
       [11746.55508883,  5373.73106461],
       [11751.61876011,  5341.76030233],
       [11758.67990018,  5310.1705776 ],
       [11767.71064192,  5279.08656063],
       [11778.67534514,  5248.63092583],
       [11791.53073715,  5218.92386769],
       [11806.22608359,  5190.08262638],
       [11822.70338865,  5162.2210251 ],
       [11840.89762393,  5135.44902088],
       [11860.7369851 ,  5109.87227058],
       [11882.14317525,  5085.59171395],
       [11905.03171395,  5062.70317525],
       [11929.31227058,  5041.2969851 ],
       [11954.88902088,  5021.45762393],
       [11981.6610251 ,  5003.26338865],
       [12009.52262638,  4986.78608359],
       [12038.36386769,  4972.09073715],
       [12068.07092583,  4959.23534514],
       [12098.52656063,  4948.27064192],
       [12129.6105776 ,  4939.23990018],
       [12161.20030233,  4932.17876011],
       [12193.17106461,  4927.11508883],
       [12225.39669044,  4924.06887031],
       [12257.75      ,  4923.05212659],
       [12290.10330956,  4924.06887031],
       [12322.32893539,  4927.11508883],
       [12354.29969767,  4932.17876011],
       [12385.8894224 ,  4939.23990018],
       [12416.97343937,  4948.27064192],
       [12447.42907417,  4959.23534514],
       [12477.13613231,  4972.09073715],
       [12505.97737362,  4986.78608359],
       [12533.8389749 ,  5003.26338865],
       [12560.61097912,  5021.45762393],
       [12586.18772942,  5041.2969851 ],
       [12610.46828605,  5062.70317525],
       [12633.35682475,  5085.59171395],
       [12654.7630149 ,  5109.87227058],
       [12674.60237607,  5135.44902088],
       [12692.79661135,  5162.2210251 ],
       [12709.27391641,  5190.08262638],
       [12723.96926285,  5218.92386769],
       [12736.82465486,  5248.63092583],
       [12747.78935808,  5279.08656063],
       [12756.82009982,  5310.1705776 ],
       [12763.88123989,  5341.76030233],
       [12768.94491117,  5373.73106461],
       [12771.99112969,  5405.95669044]])]