[array([[12435.02371077,  6947.63      ],
       [12433.90110925,  6983.35175956],
       [12430.53773508,  7018.93254166],
       [12424.94686198,  7054.2319252 ],
       [12417.15055455,  7089.11059964],
       [12407.17958127,  7123.43091479],
       [12395.073293  ,  7157.05742405],
       [12380.87946775,  7189.85741894],
       [12364.65412205,  7221.70145287],
       [12346.46128992,  7252.46385199],
       [12326.37277017,  7282.02321116],
       [12304.46784301,  7310.2628731 ],
       [12280.83295717,  7337.07138876],
       [12255.56138876,  7362.34295717],
       [12228.7528731 ,  7385.97784301],
       [12200.51321116,  7407.88277017],
       [12170.95385199,  7427.97128992],
       [12140.19145287,  7446.16412205],
       [12108.34741894,  7462.38946775],
       [12075.54742405,  7476.583293  ],
       [12041.92091479,  7488.68958127],
       [12007.60059964,  7498.66055455],
       [11972.7219252 ,  7506.45686198],
       [11937.42254166,  7512.04773508],
       [11901.84175956,  7515.41110925],
       [11866.12      ,  7516.53371077],
       [11830.39824044,  7515.41110925],
       [11794.81745834,  7512.04773508],
       [11759.5180748 ,  7506.45686198],
       [11724.63940036,  7498.66055455],
       [11690.31908521,  7488.68958127],
       [11656.69257595,  7476.583293  ],
       [11623.89258106,  7462.38946775],
       [11592.04854713,  7446.16412205],
       [11561.28614801,  7427.97128992],
       [11531.72678884,  7407.88277017],
       [11503.4871269 ,  7385.97784301],
       [11476.67861124,  7362.34295717],
       [11451.40704283,  7337.07138876],
       [11427.77215699,  7310.2628731 ],
       [11405.86722983,  7282.02321116],
       [11385.77871008,  7252.46385199],
       [11367.58587795,  7221.70145287],
       [11351.36053225,  7189.85741894],
       [11337.166707  ,  7157.05742405],
       [11325.06041873,  7123.43091479],
       [11315.08944545,  7089.11059964],
       [11307.29313802,  7054.2319252 ],
       [11301.70226492,  7018.93254166],
       [11298.33889075,  6983.35175956],
       [11297.21628923,  6947.63      ],
       [11298.33889075,  6911.90824044],
       [11301.70226492,  6876.32745834],
       [11307.29313802,  6841.0280748 ],
       [11315.08944545,  6806.14940036],
       [11325.06041873,  6771.82908521],
       [11337.166707  ,  6738.20257595],
       [11351.36053225,  6705.40258106],
       [11367.58587795,  6673.55854713],
       [11385.77871008,  6642.79614801],
       [11405.86722983,  6613.23678884],
       [11427.77215699,  6584.9971269 ],
       [11451.40704283,  6558.18861124],
       [11476.67861124,  6532.91704283],
       [11503.4871269 ,  6509.28215699],
       [11531.72678884,  6487.37722983],
       [11561.28614801,  6467.28871008],
       [11592.04854713,  6449.09587795],
       [11623.89258106,  6432.87053225],
       [11656.69257595,  6418.676707  ],
       [11690.31908521,  6406.57041873],
       [11724.63940036,  6396.59944545],
       [11759.5180748 ,  6388.80313802],
       [11794.81745834,  6383.21226492],
       [11830.39824044,  6379.84889075],
       [11866.12      ,  6378.72628923],
       [11901.84175956,  6379.84889075],
       [11937.42254166,  6383.21226492],
       [11972.7219252 ,  6388.80313802],
       [12007.60059964,  6396.59944545],
       [12041.92091479,  6406.57041873],
       [12075.54742405,  6418.676707  ],
       [12108.34741894,  6432.87053225],
       [12140.19145287,  6449.09587795],
       [12170.95385199,  6467.28871008],
       [12200.51321116,  6487.37722983],
       [12228.7528731 ,  6509.28215699],
       [12255.56138876,  6532.91704283],
       [12280.83295717,  6558.18861124],
       [12304.46784301,  6584.9971269 ],
       [12326.37277017,  6613.23678884],
       [12346.46128992,  6642.79614801],
       [12364.65412205,  6673.55854713],
       [12380.87946775,  6705.40258106],
       [12395.073293  ,  6738.20257595],
       [12407.17958127,  6771.82908521],
       [12417.15055455,  6806.14940036],
       [12424.94686198,  6841.0280748 ],
       [12430.53773508,  6876.32745834],
       [12433.90110925,  6911.90824044]])]