[array([[12348.92798662,  3743.91      ],
       [12348.02513992,  3772.63904788],
       [12345.32016294,  3801.25471534],
       [12340.82373099,  3829.64406941],
       [12334.55358942,  3857.69507027],
       [12326.53448363,  3885.29701344],
       [12316.79806136,  3912.34096666],
       [12305.38274783,  3938.72019981],
       [12292.33359405,  3964.3306061 ],
       [12277.70209909,  3989.07111295],
       [12261.54600675,  4012.8440809 ],
       [12243.92907777,  4035.5556889 ],
       [12224.9208381 ,  4057.1163046 ],
       [12204.5963046 ,  4077.4408381 ],
       [12183.0356889 ,  4096.44907777],
       [12160.3240809 ,  4114.06600675],
       [12136.55111295,  4130.22209909],
       [12111.8106061 ,  4144.85359405],
       [12086.20019981,  4157.90274783],
       [12059.82096666,  4169.31806136],
       [12032.77701344,  4179.05448363],
       [12005.17507027,  4187.07358942],
       [11977.12406941,  4193.34373099],
       [11948.73471534,  4197.84016294],
       [11920.11904788,  4200.54513992],
       [11891.39      ,  4201.44798662],
       [11862.66095212,  4200.54513992],
       [11834.04528466,  4197.84016294],
       [11805.65593059,  4193.34373099],
       [11777.60492973,  4187.07358942],
       [11750.00298656,  4179.05448363],
       [11722.95903334,  4169.31806136],
       [11696.57980019,  4157.90274783],
       [11670.9693939 ,  4144.85359405],
       [11646.22888705,  4130.22209909],
       [11622.4559191 ,  4114.06600675],
       [11599.7443111 ,  4096.44907777],
       [11578.1836954 ,  4077.4408381 ],
       [11557.8591619 ,  4057.1163046 ],
       [11538.85092223,  4035.5556889 ],
       [11521.23399325,  4012.8440809 ],
       [11505.07790091,  3989.07111295],
       [11490.44640595,  3964.3306061 ],
       [11477.39725217,  3938.72019981],
       [11465.98193864,  3912.34096666],
       [11456.24551637,  3885.29701344],
       [11448.22641058,  3857.69507027],
       [11441.95626901,  3829.64406941],
       [11437.45983706,  3801.25471534],
       [11434.75486008,  3772.63904788],
       [11433.85201338,  3743.91      ],
       [11434.75486008,  3715.18095212],
       [11437.45983706,  3686.56528466],
       [11441.95626901,  3658.17593059],
       [11448.22641058,  3630.12492973],
       [11456.24551637,  3602.52298656],
       [11465.98193864,  3575.47903334],
       [11477.39725217,  3549.09980019],
       [11490.44640595,  3523.4893939 ],
       [11505.07790091,  3498.74888705],
       [11521.23399325,  3474.9759191 ],
       [11538.85092223,  3452.2643111 ],
       [11557.8591619 ,  3430.7036954 ],
       [11578.1836954 ,  3410.3791619 ],
       [11599.7443111 ,  3391.37092223],
       [11622.4559191 ,  3373.75399325],
       [11646.22888705,  3357.59790091],
       [11670.9693939 ,  3342.96640595],
       [11696.57980019,  3329.91725217],
       [11722.95903334,  3318.50193864],
       [11750.00298656,  3308.76551637],
       [11777.60492973,  3300.74641058],
       [11805.65593059,  3294.47626901],
       [11834.04528466,  3289.97983706],
       [11862.66095212,  3287.27486008],
       [11891.39      ,  3286.37201338],
       [11920.11904788,  3287.27486008],
       [11948.73471534,  3289.97983706],
       [11977.12406941,  3294.47626901],
       [12005.17507027,  3300.74641058],
       [12032.77701344,  3308.76551637],
       [12059.82096666,  3318.50193864],
       [12086.20019981,  3329.91725217],
       [12111.8106061 ,  3342.96640595],
       [12136.55111295,  3357.59790091],
       [12160.3240809 ,  3373.75399325],
       [12183.0356889 ,  3391.37092223],
       [12204.5963046 ,  3410.3791619 ],
       [12224.9208381 ,  3430.7036954 ],
       [12243.92907777,  3452.2643111 ],
       [12261.54600675,  3474.9759191 ],
       [12277.70209909,  3498.74888705],
       [12292.33359405,  3523.4893939 ],
       [12305.38274783,  3549.09980019],
       [12316.79806136,  3575.47903334],
       [12326.53448363,  3602.52298656],
       [12334.55358942,  3630.12492973],
       [12340.82373099,  3658.17593059],
       [12345.32016294,  3686.56528466],
       [12348.02513992,  3715.18095212]])]