[array([[36082.0253476 , 36819.81458438],
       [36185.26556199, 36819.81458438],
       [36243.61872665, 36828.79199433],
       [36275.03966147, 36873.67904407],
       [36328.90412115, 36918.5660938 ],
       [36369.30246591, 36963.45314354],
       [36396.23469576, 37026.29501317],
       [36409.70081068, 37093.62558778],
       [36391.74599078, 37151.97875243],
       [36351.34764602, 37205.84321212],
       [36257.08484157, 37291.12860662],
       [36203.22038189, 37327.03824641],
       [36153.84462718, 37344.9930663 ],
       [36099.98016749, 37340.50436133],
       [36041.62700284, 37304.59472154],
       [36001.22865807, 37277.6624917 ],
       [35951.85290336, 37237.26414693],
       [35911.4545586 , 37196.86580217],
       [35848.61268897, 37160.95616238],
       [35772.30470442, 37151.97875243],
       [35709.46283479, 37151.97875243],
       [35646.62096516, 37156.46745741],
       [35610.71132537, 37187.88839222],
       [35669.06449002, 37255.21896683],
       [35713.95153976, 37282.15119667],
       [35776.79340939, 37304.59472154],
       [35875.54491881, 37349.48177128],
       [35938.38678844, 37380.90270609],
       [35974.29642823, 37416.81234588],
       [36005.71736305, 37457.21069064],
       [36010.20606802, 37506.58644535],
       [36010.20606802, 37555.96220006],
       [35978.78513321, 37591.87183985],
       [35933.89808347, 37632.27018462],
       [35902.47714865, 37686.1346443 ],
       [35853.10139394, 37757.95392388],
       [35794.74822929, 37762.44262885],
       [35740.8837696 , 37757.95392388],
       [35700.48542484, 37717.55557911],
       [35660.08708008, 37681.64593933],
       [35601.73391542, 37641.24759456],
       [35556.84686568, 37605.33795477],
       [35529.91463584, 37538.00738017],
       [35507.47111097, 37497.60903541],
       [35485.0275861 , 37448.2332807 ],
       [35485.0275861 , 37380.90270609],
       [35498.49370102, 37327.03824641],
       [35520.93722589, 37277.6624917 ],
       [35529.91463584, 37214.82062207],
       [35529.91463584, 37071.18206291],
       [35543.38075076, 36954.47573359],
       [35583.77909552, 36900.61127391],
       [35655.5983751 , 36873.67904407],
       [35709.46283479, 36873.67904407],
       [35830.65786908, 36864.70163412],
       [35875.54491881, 36855.72422417],
       [35942.87549342, 36828.79199433],
       [35992.25124813, 36810.83717444]]), array([[35516.44852092, 37250.73026185],
       [35471.56147118, 37241.75285191],
       [35417.6970115 , 37264.19637678],
       [35426.67442145, 37313.57213149],
       [35494.00499605, 37313.57213149],
       [35516.44852092, 37362.9478862 ],
       [35520.93722589, 37407.83493593],
       [35507.47111097, 37452.72198567],
       [35458.09535626, 37466.18810059],
       [35390.76478166, 37466.18810059],
       [35318.94550208, 37461.69939562],
       [35184.28435287, 37461.69939562],
       [35125.93118821, 37479.65421551],
       [35121.44248324, 37533.51867519],
       [35148.37471308, 37573.91701996],
       [35211.21658271, 37623.29277467],
       [35251.61492747, 37645.73629954],
       [35305.47938716, 37695.11205425],
       [35350.36643689, 37717.55557911],
       [35386.27607668, 37748.97651393],
       [35413.20830653, 37793.86356367],
       [35426.67442145, 37838.7506134 ],
       [35444.62924134, 37883.63766314],
       [35458.09535626, 37946.47953277],
       [35417.6970115 , 38004.83269743],
       [35386.27607668, 38040.74233722],
       [35354.85514187, 38103.58420685],
       [35341.38902695, 38148.47125659],
       [35341.38902695, 38206.82442124],
       [35332.411617  , 38305.57593066],
       [35274.05845234, 38341.48557045],
       [35211.21658271, 38345.97427543],
       [35152.86341805, 38336.99686548],
       [35094.5102534 , 38287.62111077],
       [35004.73615392, 38242.73406103],
       [34955.36039921, 38229.26794611],
       [34910.47334948, 38211.31312622],
       [34865.58629974, 38206.82442124],
       [34811.72184006, 38206.82442124],
       [34766.83479032, 38220.29053616],
       [34730.92515053, 38260.68888093],
       [34681.54939582, 38458.19189977],
       [34641.15105106, 38521.0337694 ],
       [34618.70752619, 38561.43211416],
       [34609.73011624, 38610.80786887],
       [34645.63975603, 38669.16103353],
       [34699.50421572, 38714.04808327],
       [34753.3686754 , 38723.02549321],
       [34811.72184006, 38714.04808327],
       [34914.96205445, 38705.07067332],
       [34977.80392408, 38705.07067332],
       [35049.62320366, 38871.15275734],
       [35049.62320366, 38929.505922  ],
       [34991.270039  , 38893.59628221],
       [34923.9394644 , 38893.59628221],
       [34834.16536492, 38898.08498718],
       [34686.03810079, 38911.55110211],
       [34605.24141127, 38920.52851205],
       [34506.48990185, 38907.06239713],
       [34367.34004766, 38848.70923247],
       [34394.27227751, 38808.31088771],
       [34398.76098248, 38754.44642803],
       [34376.31745761, 38700.58196834],
       [34344.8965228 , 38664.67232855],
       [34282.05465317, 38655.69491861],
       [34214.72407856, 38655.69491861],
       [34169.83702882, 38664.67232855],
       [34093.52904427, 38687.11585342],
       [33981.31141993, 38691.6045584 ],
       [33918.4695503 , 38687.11585342],
       [33819.71804088, 38655.69491861],
       [33797.27451601, 38570.40952411],
       [33806.25192596, 38453.70319479],
       [33819.71804088, 38363.92909532],
       [33837.67286077, 38301.08722569],
       [33878.07120554, 38247.22276601],
       [33936.42437019, 38202.33571627],
       [33985.8001249 , 38184.38089637],
       [34115.97256914, 38184.38089637],
       [34174.3257338 , 38193.35830632],
       [34282.05465317, 38247.22276601],
       [34331.43040788, 38247.22276601],
       [34412.2270974 , 38242.73406103],
       [34466.09155709, 38238.24535606],
       [34475.06896703, 38184.38089637],
       [34457.11414714, 38135.00514166],
       [34398.76098248, 38099.09550187],
       [34340.40781782, 38085.62938695],
       [34317.96429295, 38036.25363224],
       [34326.9417029 , 37968.92305764],
       [34389.78357253, 37946.47953277],
       [34434.67062227, 37941.9908278 ],
       [34475.06896703, 37964.43435267],
       [34591.77529635, 37973.41176261],
       [34641.15105106, 37986.87787753],
       [34712.97033064, 38004.83269743],
       [34744.39126545, 37959.94564769],
       [34703.99292069, 37906.08118801],
       [34659.10587095, 37874.66025319],
       [34663.59457593, 37825.28449848],
       [34699.50421572, 37789.37485869],
       [34739.90256048, 37735.51039901],
       [34748.87997043, 37681.64593933],
       [34762.34608535, 37618.80406969],
       [34766.83479032, 37560.45090504],
       [34789.27831519, 37466.18810059],
       [34838.6540699 , 37398.85752599],
       [34888.02982461, 37304.59472154],
       [34910.47334948, 37246.24155688],
       [34964.33780916, 37134.02393254],
       [34991.270039  , 37057.71594799],
       [35009.2248589 , 37003.8514883 ],
       [35031.66838377, 36932.03220873],
       [35049.62320366, 36869.19033909],
       [35112.46507329, 36860.21292915],
       [35188.77305784, 36855.72422417],
       [35260.59233742, 36864.70163412],
       [35314.45679711, 36882.65645402],
       [35377.29866674, 36887.14515899],
       [35458.09535626, 36887.14515899],
       [35529.91463584, 36905.09997888],
       [35597.24521045, 36936.5209137 ]]), array([[34219.21278353, 38265.1775859 ],
       [34183.30314375, 38220.29053616],
       [34156.3709139 , 38179.8921914 ],
       [34156.3709139 , 38108.07291182],
       [34183.30314375, 38058.69715711],
       [34228.19019348, 38049.71974716],
       [34300.00947306, 38067.67456706],
       [34358.36263772, 38072.16327203],
       [34394.27227751, 38013.81010738],
       [34389.78357253, 37941.9908278 ],
       [34335.91911285, 37906.08118801],
       [34286.54335814, 37906.08118801],
       [34268.58853824, 37852.21672832],
       [34273.07724322, 37798.35226864],
       [34317.96429295, 37753.4652189 ],
       [34367.34004766, 37551.47349509],
       [34403.24968745, 37497.60903541],
       [34484.04637698, 37470.67680556],
       [34659.10587095, 37470.67680556],
       [34672.57198587, 37533.51867519],
       [34668.0832809 , 37582.89442991],
       [34717.45903561, 37605.33795477],
       [34784.78961021, 37600.8492498 ],
       [34834.16536492, 37529.02997022],
       [34847.63147985, 37466.18810059],
       [34874.56370969, 37389.88011604],
       [34964.33780916, 37232.77544196],
       [35013.71356387, 37165.44486736],
       [35045.13449869, 37062.20465296],
       [35063.08931858, 36999.36278333],
       [35098.99895837, 36936.5209137 ],
       [35112.46507329, 36878.16774904],
       [35063.08931858, 36801.85976449],
       [35009.2248589 , 36770.43882967],
       [34986.78133403, 36721.06307496],
       [34977.80392408, 36667.19861528],
       [34973.31521911, 36604.35674565],
       [34982.29262906, 36541.51487602],
       [35045.13449869, 36537.02617104],
       [35390.76478166, 36537.02617104],
       [35467.07276621, 36496.62782628],
       [35511.95981595, 36411.34243178],
       [35556.84686568, 36330.54574226],
       [35565.82427563, 36240.77164278],
       [35565.82427563, 36177.92977315],
       [35552.35816071, 36092.64437865],
       [35525.42593087, 35998.38157421],
       [35507.47111097, 35931.0509996 ],
       [35399.7421916 , 35850.25431008],
       [35269.56974737, 35791.90114542],
       [35175.30694292, 35778.4350305 ],
       [34843.14277487, 35742.52539071],
       [34668.0832809 , 35715.59316087],
       [34654.61716598, 35778.4350305 ],
       [34645.63975603, 35944.51711452],
       [34609.73011624, 36097.13308363],
       [34560.35436153, 36272.1925776 ],
       [34510.97860682, 36388.89890691],
       [34457.11414714, 36546.00358099],
       [34398.76098248, 36662.70991031],
       [34335.91911285, 36792.88235454],
       [34313.47558798, 36905.09997888],
       [34313.47558798, 36963.45314354],
       [34335.91911285, 37008.34019328],
       [34412.2270974 , 37003.8514883 ],
       [34466.09155709, 37003.8514883 ],
       [34537.91083666, 37053.22724301],
       [34569.33177148, 37098.11429275],
       [34591.77529635, 37160.95616238],
       [34596.26400132, 37205.84321212],
       [34569.33177148, 37246.24155688],
       [34488.53508195, 37255.21896683],
       [34421.20450735, 37223.79803201],
       [34349.38522777, 37223.79803201],
       [34300.00947306, 37201.35450714],
       [34273.07724322, 37156.46745741],
       [34268.58853824, 37084.64817783],
       [34268.58853824, 37026.29501317],
       [34210.23537359, 37017.31760323],
       [34160.85961888, 37053.22724301],
       [34089.0403393 , 37107.0917027 ],
       [34035.17587961, 37156.46745741],
       [34012.73235475, 37259.7076718 ],
       [34012.73235475, 37358.45918122],
       [33990.28882988, 37416.81234588],
       [33954.37919009, 37515.5638553 ],
       [33918.4695503 , 37618.80406969],
       [33878.07120554, 37699.60075922],
       [33855.62768067, 37766.93133382],
       [33842.16156575, 37847.72802335],
       [33815.22933591, 37928.52471288],
       [33779.31969612, 38040.74233722],
       [33770.34228617, 38139.49384664],
       [33819.71804088, 38197.8470113 ],
       [33864.60509062, 38229.26794611],
       [33913.98084533, 38265.1775859 ]]), array([[34258.95654663, 37049.08059175],
       [34291.72677612, 37023.59263548],
       [34324.4970056 , 37001.74581582],
       [34357.26723509, 36961.69331312],
       [34433.73110388, 36801.4833023 ],
       [34521.11838251, 36550.24487625],
       [34542.96520217, 36470.13987084],
       [34546.60633878, 36393.67600205],
       [34550.24747539, 36353.62349934],
       [34491.98928964, 36331.77667969],
       [34448.29565032, 36335.41781629],
       [34397.31973779, 36415.5228217 ],
       [34328.13814221, 36550.24487625],
       [34266.23881985, 36652.19670132],
       [34211.62177071, 36735.94284333],
       [34182.49267783, 36783.27761926],
       [34142.44017513, 36867.02376127],
       [34095.10539921, 36976.25785956],
       [34076.89971616, 37030.8749087 ],
       [34069.61744294, 37078.20968462],
       [34058.69403311, 37118.26218733],
       [34051.41175989, 37158.31469003]]), array([[35431.40253487, 36892.51171754],
       [35467.81390097, 36874.30603449],
       [35504.22526706, 36867.02376127],
       [35555.20117959, 36867.02376127],
       [35620.74163856, 36863.38262466],
       [35668.07641449, 36859.74148805],
       [35704.48778058, 36856.10035145],
       [35766.38710294, 36845.17694162],
       [35813.72187886, 36834.25353179],
       [35864.6977914 , 36812.40671213],
       [35901.10915749, 36801.4833023 ],
       [35955.72620663, 36808.76557552],
       [36003.06098256, 36830.61239518],
       [36032.19007543, 36947.12876668]]), array([[33796.53219723, 38600.20478737],
       [33778.32651418, 38643.89842668],
       [33745.5562847 , 38694.87433922],
       [33723.70946504, 38731.28570531],
       [33669.0924159 , 38796.82616428],
       [33672.73355251, 38844.1609402 ],
       [33709.14491861, 38866.00775986],
       [33803.81447045, 38880.5723063 ],
       [33876.63720264, 38884.21344291],
       [34022.28266702, 38884.21344291],
       [34095.10539921, 38895.13685274],
       [34142.44017513, 38876.93116969],
       [34160.64585818, 38811.39071072],
       [34157.00472157, 38760.41479819],
       [34149.72244835, 38702.15661243]]), array([[34175.21040461, 38647.53956329],
       [34138.79903852, 38683.95092939],
       [34106.02880903, 38731.28570531],
       [34065.97630633, 38724.00343209]])]