[array([[ 6015.51731763,  6459.66645309],
       [ 6155.49369943,  6497.84182995],
       [ 6320.92033246,  6523.29208118],
       [ 6600.87309606,  6523.29208118],
       [ 6766.29972909,  6446.94132747],
       [ 6982.6268646 ,  6370.59057377],
       [ 7160.77862325,  6319.69007129],
       [ 7288.02987943,  6294.23982006],
       [ 7351.65550752,  6446.94132747],
       [ 7313.48013066,  6675.9935886 ],
       [ 7148.05349763,  6905.04584972],
       [ 6893.55098527,  7134.09811084],
       [ 6702.674101  ,  7274.07449264],
       [ 6588.14797044,  7350.42524635],
       [ 6740.84947786,  7426.77600006],
       [ 7173.50374887,  7426.77600006],
       [ 7478.9067637 ,  7388.6006232 ],
       [ 7631.60827111,  7388.6006232 ],
       [ 7784.30977853,  7414.05087444],
       [ 7758.85952729,  7579.47750747],
       [ 7771.58465291,  7757.62926612],
       [ 7720.68415044,  7935.78102477],
       [ 7504.35701493,  7973.95640163],
       [ 7300.75500504,  8050.30715534],
       [ 7504.35701493,  8190.28353713],
       [ 7746.13440167,  8126.65790904],
       [ 7949.73641156,  8024.8569041 ],
       [ 8127.88817021,  8024.8569041 ],
       [ 8216.96404954,  8317.53479331],
       [ 8000.63691403,  8559.31218005],
       [ 7695.2338992 ,  8902.89057174],
       [ 7186.22887448,  9004.69157668],
       [ 7020.80224145,  9017.4167023 ],
       [ 6893.55098527,  9106.49258162],
       [ 7313.48013066,  9004.69157668],
       [ 7517.08214055,  8864.71519488],
       [ 7644.33339673,  8839.26494365],
       [ 7822.48515538,  8826.53981803],
       [ 7797.03490414,  8953.79107421],
       [ 7466.18163808,  9297.36946589],
       [ 7300.75500504,  9526.42172702],
       [ 7198.9540001 ,  9730.0237369 ],
       [ 7402.55600999,  9564.59710387],
       [ 7797.03490414,  9310.09459151],
       [ 7937.01128594,  9284.64434028],
       [ 7937.01128594,  9462.79609893],
       [ 7771.58465291,  9679.12323443],
       [ 7695.2338992 ,  9793.64936499],
       [ 7847.93540662,  9793.64936499],
       [ 8026.08716527,  9857.27499308],
       [ 8242.41430077,  9870.0001187 ],
       [ 8166.06354707, 10060.87700297],
       [ 8000.63691403, 10099.05237982],
       [ 7886.11078347, 10175.40313353],
       [ 7975.1866628 , 10289.92926409],
       [ 8127.88817021, 10391.73026904],
       [ 8038.81229089, 11066.16192679],
       [ 8076.98766774, 11855.1197151 ],
       [ 8216.96404954, 12173.24785555],
       [ 8216.96404954, 11855.1197151 ],
       [ 8102.43791898, 11358.839816  ],
       [ 7975.1866628 , 11091.61217802],
       [ 7835.210281  , 11091.61217802],
       [ 7733.40927605, 11218.8634342 ],
       [ 7758.85952729, 11358.839816  ],
       [ 7720.68415044, 11524.26644903],
       [ 7453.45651246, 11727.86845892],
       [ 7249.85450257, 11778.76896139],
       [ 7109.87812078, 11791.49408701],
       [ 7148.05349763, 11931.47046881],
       [ 7288.02987943, 12084.17197622],
       [ 7389.83088437, 12224.14835802],
       [ 7428.00626122, 12364.12473982],
       [ 7402.55600999, 12529.55137285],
       [ 7211.67912572, 12555.00162409],
       [ 7453.45651246, 12605.90212656],
       [ 7529.80726617, 12733.15338274],
       [ 7555.2575174 , 12885.85489015],
       [ 7555.2575174 , 13025.83127195],
       [ 7058.9776183 , 13025.83127195],
       [ 7109.87812078, 13216.70815622],
       [ 7275.30475381, 13458.48554296],
       [ 7440.73138684, 13725.71318094],
       [ 7440.73138684, 13865.68956274],
       [ 7313.48013066, 14069.29157262],
       [ 7160.77862325, 14145.64232633],
       [ 7033.52736707, 14260.16845689],
       [ 7097.15299516, 14565.57147172]])]