[array([[3264.69828725, 4551.49      ],
       [3263.75046909, 4581.6500627 ],
       [3260.91075524, 4611.69109741],
       [3256.19035273, 4641.4945459 ],
       [3249.60789084, 4670.94278756],
       [3241.18934755, 4699.91960364],
       [3230.96794699, 4728.31063588],
       [3218.98402837, 4756.00383786],
       [3205.28488673, 4782.88991716],
       [3189.92458633, 4808.86276669],
       [3172.96374726, 4833.8198835 ],
       [3154.4693062 , 4857.66277325],
       [3134.51425227, 4880.29733893],
       [3113.17733893, 4901.63425227],
       [3090.54277325, 4921.5893062 ],
       [3066.6998835 , 4940.08374726],
       [3041.74276669, 4957.04458633],
       [3015.76991716, 4972.40488673],
       [2988.88383786, 4986.10402837],
       [2961.19063588, 4998.08794699],
       [2932.79960364, 5008.30934755],
       [2903.82278756, 5016.72789084],
       [2874.3745459 , 5023.31035273],
       [2844.57109741, 5028.03075524],
       [2814.5300627 , 5030.87046909],
       [2784.37      , 5031.81828725],
       [2754.2099373 , 5030.87046909],
       [2724.16890259, 5028.03075524],
       [2694.3654541 , 5023.31035273],
       [2664.91721244, 5016.72789084],
       [2635.94039636, 5008.30934755],
       [2607.54936412, 4998.08794699],
       [2579.85616214, 4986.10402837],
       [2552.97008284, 4972.40488673],
       [2526.99723331, 4957.04458633],
       [2502.0401165 , 4940.08374726],
       [2478.19722675, 4921.5893062 ],
       [2455.56266107, 4901.63425227],
       [2434.22574773, 4880.29733893],
       [2414.2706938 , 4857.66277325],
       [2395.77625274, 4833.8198835 ],
       [2378.81541367, 4808.86276669],
       [2363.45511327, 4782.88991716],
       [2349.75597163, 4756.00383786],
       [2337.77205301, 4728.31063588],
       [2327.55065245, 4699.91960364],
       [2319.13210916, 4670.94278756],
       [2312.54964727, 4641.4945459 ],
       [2307.82924476, 4611.69109741],
       [2304.98953091, 4581.6500627 ],
       [2304.04171275, 4551.49      ],
       [2304.98953091, 4521.3299373 ],
       [2307.82924476, 4491.28890259],
       [2312.54964727, 4461.4854541 ],
       [2319.13210916, 4432.03721244],
       [2327.55065245, 4403.06039636],
       [2337.77205301, 4374.66936412],
       [2349.75597163, 4346.97616214],
       [2363.45511327, 4320.09008284],
       [2378.81541367, 4294.11723331],
       [2395.77625274, 4269.1601165 ],
       [2414.2706938 , 4245.31722675],
       [2434.22574773, 4222.68266107],
       [2455.56266107, 4201.34574773],
       [2478.19722675, 4181.3906938 ],
       [2502.0401165 , 4162.89625274],
       [2526.99723331, 4145.93541367],
       [2552.97008284, 4130.57511327],
       [2579.85616214, 4116.87597163],
       [2607.54936412, 4104.89205301],
       [2635.94039636, 4094.67065245],
       [2664.91721244, 4086.25210916],
       [2694.3654541 , 4079.66964727],
       [2724.16890259, 4074.94924476],
       [2754.2099373 , 4072.10953091],
       [2784.37      , 4071.16171275],
       [2814.5300627 , 4072.10953091],
       [2844.57109741, 4074.94924476],
       [2874.3745459 , 4079.66964727],
       [2903.82278756, 4086.25210916],
       [2932.79960364, 4094.67065245],
       [2961.19063588, 4104.89205301],
       [2988.88383786, 4116.87597163],
       [3015.76991716, 4130.57511327],
       [3041.74276669, 4145.93541367],
       [3066.6998835 , 4162.89625274],
       [3090.54277325, 4181.3906938 ],
       [3113.17733893, 4201.34574773],
       [3134.51425227, 4222.68266107],
       [3154.4693062 , 4245.31722675],
       [3172.96374726, 4269.1601165 ],
       [3189.92458633, 4294.11723331],
       [3205.28488673, 4320.09008284],
       [3218.98402837, 4346.97616214],
       [3230.96794699, 4374.66936412],
       [3241.18934755, 4403.06039636],
       [3249.60789084, 4432.03721244],
       [3256.19035273, 4461.4854541 ],
       [3260.91075524, 4491.28890259],
       [3263.75046909, 4521.3299373 ]])]