[array([[7384.53309651, 2544.25      ],
       [7383.10840806, 2589.58432163],
       [7378.8399653 , 2634.7397294 ],
       [7371.74461382, 2679.53801555],
       [7361.85035573, 2723.80238171],
       [7349.19623916, 2767.35813664],
       [7333.83220411, 2810.0333857 ],
       [7315.81888542, 2851.65970915],
       [7295.22737342, 2892.07282692],
       [7272.13893341, 2931.1132469 ],
       [7246.6446849 , 2968.62689439],
       [7218.84524206, 3004.46572015],
       [7188.85031657, 3038.48828472],
       [7156.77828472, 3070.56031657],
       [7122.75572015, 3100.55524206],
       [7086.91689439, 3128.3546849 ],
       [7049.4032469 , 3153.84893341],
       [7010.36282692, 3176.93737342],
       [6969.94970915, 3197.52888542],
       [6928.3233857 , 3215.54220411],
       [6885.64813664, 3230.90623916],
       [6842.09238171, 3243.56035573],
       [6797.82801555, 3253.45461382],
       [6753.0297294 , 3260.5499653 ],
       [6707.87432163, 3264.81840806],
       [6662.54      , 3266.24309651],
       [6617.20567837, 3264.81840806],
       [6572.0502706 , 3260.5499653 ],
       [6527.25198445, 3253.45461382],
       [6482.98761829, 3243.56035573],
       [6439.43186336, 3230.90623916],
       [6396.7566143 , 3215.54220411],
       [6355.13029085, 3197.52888542],
       [6314.71717308, 3176.93737342],
       [6275.6767531 , 3153.84893341],
       [6238.16310561, 3128.3546849 ],
       [6202.32427985, 3100.55524206],
       [6168.30171528, 3070.56031657],
       [6136.22968343, 3038.48828472],
       [6106.23475794, 3004.46572015],
       [6078.4353151 , 2968.62689439],
       [6052.94106659, 2931.1132469 ],
       [6029.85262658, 2892.07282692],
       [6009.26111458, 2851.65970915],
       [5991.24779589, 2810.0333857 ],
       [5975.88376084, 2767.35813664],
       [5963.22964427, 2723.80238171],
       [5953.33538618, 2679.53801555],
       [5946.2400347 , 2634.7397294 ],
       [5941.97159194, 2589.58432163],
       [5940.54690349, 2544.25      ],
       [5941.97159194, 2498.91567837],
       [5946.2400347 , 2453.7602706 ],
       [5953.33538618, 2408.96198445],
       [5963.22964427, 2364.69761829],
       [5975.88376084, 2321.14186336],
       [5991.24779589, 2278.4666143 ],
       [6009.26111458, 2236.84029085],
       [6029.85262658, 2196.42717308],
       [6052.94106659, 2157.3867531 ],
       [6078.4353151 , 2119.87310561],
       [6106.23475794, 2084.03427985],
       [6136.22968343, 2050.01171528],
       [6168.30171528, 2017.93968343],
       [6202.32427985, 1987.94475794],
       [6238.16310561, 1960.1453151 ],
       [6275.6767531 , 1934.65106659],
       [6314.71717308, 1911.56262658],
       [6355.13029085, 1890.97111458],
       [6396.7566143 , 1872.95779589],
       [6439.43186336, 1857.59376084],
       [6482.98761829, 1844.93964427],
       [6527.25198445, 1835.04538618],
       [6572.0502706 , 1827.9500347 ],
       [6617.20567837, 1823.68159194],
       [6662.54      , 1822.25690349],
       [6707.87432163, 1823.68159194],
       [6753.0297294 , 1827.9500347 ],
       [6797.82801555, 1835.04538618],
       [6842.09238171, 1844.93964427],
       [6885.64813664, 1857.59376084],
       [6928.3233857 , 1872.95779589],
       [6969.94970915, 1890.97111458],
       [7010.36282692, 1911.56262658],
       [7049.4032469 , 1934.65106659],
       [7086.91689439, 1960.1453151 ],
       [7122.75572015, 1987.94475794],
       [7156.77828472, 2017.93968343],
       [7188.85031657, 2050.01171528],
       [7218.84524206, 2084.03427985],
       [7246.6446849 , 2119.87310561],
       [7272.13893341, 2157.3867531 ],
       [7295.22737342, 2196.42717308],
       [7315.81888542, 2236.84029085],
       [7333.83220411, 2278.4666143 ],
       [7349.19623916, 2321.14186336],
       [7361.85035573, 2364.69761829],
       [7371.74461382, 2408.96198445],
       [7378.8399653 , 2453.7602706 ],
       [7383.10840806, 2498.91567837]])]