[array([[5632.55509652, 4978.22      ],
       [5631.77732147, 5002.96920329],
       [5629.44706585, 5027.62073277],
       [5625.57352612, 5052.07730014],
       [5620.17198936, 5076.24238648],
       [5613.26377297, 5100.02062324],
       [5604.87614054, 5123.31816859],
       [5595.0421942 , 5146.04307776],
       [5583.80074405, 5168.10566591],
       [5571.19615497, 5189.41886209],
       [5557.2781715 , 5209.89855285],
       [5542.10172157, 5229.4639142 ],
       [5525.7266997 , 5248.03773061],
       [5508.21773061, 5265.5466997 ],
       [5489.6439142 , 5281.92172157],
       [5470.07855285, 5297.0981715 ],
       [5449.59886209, 5311.01615497],
       [5428.28566591, 5323.62074405],
       [5406.22307776, 5334.8621942 ],
       [5383.49816859, 5344.69614054],
       [5360.20062324, 5353.08377297],
       [5336.42238648, 5359.99198936],
       [5312.25730014, 5365.39352612],
       [5287.80073277, 5369.26706585],
       [5263.14920329, 5371.59732147],
       [5238.4       , 5372.37509652],
       [5213.65079671, 5371.59732147],
       [5188.99926723, 5369.26706585],
       [5164.54269986, 5365.39352612],
       [5140.37761352, 5359.99198936],
       [5116.59937676, 5353.08377297],
       [5093.30183141, 5344.69614054],
       [5070.57692224, 5334.8621942 ],
       [5048.51433409, 5323.62074405],
       [5027.20113791, 5311.01615497],
       [5006.72144715, 5297.0981715 ],
       [4987.1560858 , 5281.92172157],
       [4968.58226939, 5265.5466997 ],
       [4951.0733003 , 5248.03773061],
       [4934.69827843, 5229.4639142 ],
       [4919.5218285 , 5209.89855285],
       [4905.60384503, 5189.41886209],
       [4892.99925595, 5168.10566591],
       [4881.7578058 , 5146.04307776],
       [4871.92385946, 5123.31816859],
       [4863.53622703, 5100.02062324],
       [4856.62801064, 5076.24238648],
       [4851.22647388, 5052.07730014],
       [4847.35293415, 5027.62073277],
       [4845.02267853, 5002.96920329],
       [4844.24490348, 4978.22      ],
       [4845.02267853, 4953.47079671],
       [4847.35293415, 4928.81926723],
       [4851.22647388, 4904.36269986],
       [4856.62801064, 4880.19761352],
       [4863.53622703, 4856.41937676],
       [4871.92385946, 4833.12183141],
       [4881.7578058 , 4810.39692224],
       [4892.99925595, 4788.33433409],
       [4905.60384503, 4767.02113791],
       [4919.5218285 , 4746.54144715],
       [4934.69827843, 4726.9760858 ],
       [4951.0733003 , 4708.40226939],
       [4968.58226939, 4690.8933003 ],
       [4987.1560858 , 4674.51827843],
       [5006.72144715, 4659.3418285 ],
       [5027.20113791, 4645.42384503],
       [5048.51433409, 4632.81925595],
       [5070.57692224, 4621.5778058 ],
       [5093.30183141, 4611.74385946],
       [5116.59937676, 4603.35622703],
       [5140.37761352, 4596.44801064],
       [5164.54269986, 4591.04647388],
       [5188.99926723, 4587.17293415],
       [5213.65079671, 4584.84267853],
       [5238.4       , 4584.06490348],
       [5263.14920329, 4584.84267853],
       [5287.80073277, 4587.17293415],
       [5312.25730014, 4591.04647388],
       [5336.42238648, 4596.44801064],
       [5360.20062324, 4603.35622703],
       [5383.49816859, 4611.74385946],
       [5406.22307776, 4621.5778058 ],
       [5428.28566591, 4632.81925595],
       [5449.59886209, 4645.42384503],
       [5470.07855285, 4659.3418285 ],
       [5489.6439142 , 4674.51827843],
       [5508.21773061, 4690.8933003 ],
       [5525.7266997 , 4708.40226939],
       [5542.10172157, 4726.9760858 ],
       [5557.2781715 , 4746.54144715],
       [5571.19615497, 4767.02113791],
       [5583.80074405, 4788.33433409],
       [5595.0421942 , 4810.39692224],
       [5604.87614054, 4833.12183141],
       [5613.26377297, 4856.41937676],
       [5620.17198936, 4880.19761352],
       [5625.57352612, 4904.36269986],
       [5629.44706585, 4928.81926723],
       [5631.77732147, 4953.47079671]])]