[array([[4851.79027506, 5424.86      ],
       [4850.96524968, 5451.11273349],
       [4848.49342951, 5477.26185943],
       [4844.38456972, 5503.20417917],
       [4838.65488609, 5528.83731023],
       [4831.32699106, 5554.06009035],
       [4822.4298045 , 5578.77297673],
       [4811.99843952, 5602.87843892],
       [4800.07406397, 5626.28134365],
       [4786.7037379 , 5648.88933037],
       [4771.94022788, 5670.61317566],
       [4755.84179874, 5691.36714545],
       [4738.47198364, 5711.06933328],
       [4719.89933328, 5729.64198364],
       [4700.19714545, 5747.01179874],
       [4679.44317566, 5763.11022788],
       [4657.71933037, 5777.8737379 ],
       [4635.11134365, 5791.24406397],
       [4611.70843892, 5803.16843952],
       [4587.60297673, 5813.5998045 ],
       [4562.89009035, 5822.49699106],
       [4537.66731023, 5829.82488609],
       [4512.03417917, 5835.55456972],
       [4486.09185943, 5839.66342951],
       [4459.94273349, 5842.13524968],
       [4433.69      , 5842.96027506],
       [4407.43726651, 5842.13524968],
       [4381.28814057, 5839.66342951],
       [4355.34582083, 5835.55456972],
       [4329.71268977, 5829.82488609],
       [4304.48990965, 5822.49699106],
       [4279.77702327, 5813.5998045 ],
       [4255.67156108, 5803.16843952],
       [4232.26865635, 5791.24406397],
       [4209.66066963, 5777.8737379 ],
       [4187.93682434, 5763.11022788],
       [4167.18285455, 5747.01179874],
       [4147.48066672, 5729.64198364],
       [4128.90801636, 5711.06933328],
       [4111.53820126, 5691.36714545],
       [4095.43977212, 5670.61317566],
       [4080.6762621 , 5648.88933037],
       [4067.30593603, 5626.28134365],
       [4055.38156048, 5602.87843892],
       [4044.9501955 , 5578.77297673],
       [4036.05300894, 5554.06009035],
       [4028.72511391, 5528.83731023],
       [4022.99543028, 5503.20417917],
       [4018.88657049, 5477.26185943],
       [4016.41475032, 5451.11273349],
       [4015.58972494, 5424.86      ],
       [4016.41475032, 5398.60726651],
       [4018.88657049, 5372.45814057],
       [4022.99543028, 5346.51582083],
       [4028.72511391, 5320.88268977],
       [4036.05300894, 5295.65990965],
       [4044.9501955 , 5270.94702327],
       [4055.38156048, 5246.84156108],
       [4067.30593603, 5223.43865635],
       [4080.6762621 , 5200.83066963],
       [4095.43977212, 5179.10682434],
       [4111.53820126, 5158.35285455],
       [4128.90801636, 5138.65066672],
       [4147.48066672, 5120.07801636],
       [4167.18285455, 5102.70820126],
       [4187.93682434, 5086.60977212],
       [4209.66066963, 5071.8462621 ],
       [4232.26865635, 5058.47593603],
       [4255.67156108, 5046.55156048],
       [4279.77702327, 5036.1201955 ],
       [4304.48990965, 5027.22300894],
       [4329.71268977, 5019.89511391],
       [4355.34582083, 5014.16543028],
       [4381.28814057, 5010.05657049],
       [4407.43726651, 5007.58475032],
       [4433.69      , 5006.75972494],
       [4459.94273349, 5007.58475032],
       [4486.09185943, 5010.05657049],
       [4512.03417917, 5014.16543028],
       [4537.66731023, 5019.89511391],
       [4562.89009035, 5027.22300894],
       [4587.60297673, 5036.1201955 ],
       [4611.70843892, 5046.55156048],
       [4635.11134365, 5058.47593603],
       [4657.71933037, 5071.8462621 ],
       [4679.44317566, 5086.60977212],
       [4700.19714545, 5102.70820126],
       [4719.89933328, 5120.07801636],
       [4738.47198364, 5138.65066672],
       [4755.84179874, 5158.35285455],
       [4771.94022788, 5179.10682434],
       [4786.7037379 , 5200.83066963],
       [4800.07406397, 5223.43865635],
       [4811.99843952, 5246.84156108],
       [4822.4298045 , 5270.94702327],
       [4831.32699106, 5295.65990965],
       [4838.65488609, 5320.88268977],
       [4844.38456972, 5346.51582083],
       [4848.49342951, 5372.45814057],
       [4850.96524968, 5398.60726651]])]