[array([[35755.39257716, 36632.79982612],
       [35678.92870837, 36629.15868951],
       [35638.87620566, 36629.15868951],
       [35573.33574669, 36610.95300646],
       [35536.9243806 , 36603.67073324],
       [35489.58960467, 36585.46505019],
       [35431.33141892, 36578.18277697],
       [35387.63777961, 36570.90050376],
       [35329.37959386, 36559.97709393],
       [35147.32276339, 36559.97709393],
       [35081.78230442, 36556.33595732],
       [35023.52411867, 36556.33595732],
       [34972.54820613, 36600.02959663],
       [34972.54820613, 36654.64664577],
       [34979.83047935, 36705.62255831],
       [34994.39502579, 36742.0339244 ],
       [35008.95957223, 36785.72756371],
       [35056.29434815, 36825.78006642],
       [35158.24617322, 36854.90915929],
       [35405.84346266, 36854.90915929],
       [35449.53710197, 36865.83256912],
       [35544.20665382, 36869.47370573],
       [35591.54142974, 36869.47370573],
       [35642.51734227, 36865.83256912],
       [35704.41666463, 36851.26802268],
       [35744.46916734, 36851.26802268],
       [35813.65076292, 36836.70347625],
       [35864.62667545, 36829.42120303],
       [36006.63100322, 36814.85665659],
       [36046.68350592, 36807.57438337],
       [36094.01828184, 36807.57438337],
       [36134.07078455, 36811.21551998],
       [36232.381473  , 36829.42120303],
       [36286.99852214, 36865.83256912],
       [36319.76875163, 36891.32052539],
       [36378.02693738, 36920.44961826],
       [36414.43830347, 36942.29643792],
       [36432.64398652, 36978.70780401],
       [36439.92625974, 37029.68371655],
       [36418.07944008, 37160.76463449],
       [36410.79716686, 37211.74054702],
       [36359.82125433, 37284.56327921],
       [36305.20420519, 37320.9746453 ],
       [36257.86942927, 37350.10373818],
       [36188.68783369, 37357.3860114 ],
       [36141.35305777, 37364.66828462],
       [36101.30055506, 37364.66828462],
       [36053.96577914, 37357.3860114 ],
       [36028.47782287, 37317.33350869],
       [35977.50191034, 37273.63986938],
       [35919.24372459, 37233.58736668],
       [35875.55008528, 37193.53486397],
       [35817.29189952, 37171.68804431],
       [35766.31598699, 37164.4057711 ],
       [35700.77552802, 37175.32918092],
       [35660.72302532, 37200.81713719],
       [35686.21098158, 37240.86963989],
       [35729.9046209 , 37277.28100599],
       [35780.88053343, 37302.76896225],
       [35828.21530935, 37320.9746453 ],
       [35901.03804154, 37346.46260157],
       [35962.9373639 , 37371.95055783],
       [36035.76009609, 37473.9023829 ],
       [36094.01828184, 37568.57193474],
       [36123.14737472, 37645.03580354],
       [36134.07078455, 37699.65285268],
       [36134.07078455, 37772.47558487],
       [36119.50623811, 37816.16922419],
       [36075.8125988 , 37841.65718045],
       [36013.91327643, 37867.14513672],
       [35955.65509068, 37888.99195638],
       [35904.67917815, 37881.70968316],
       [35860.98553884, 37859.8628635 ],
       [35784.52167004, 37830.73377062],
       [35733.54575751, 37794.32240453],
       [35689.85211819, 37765.19331165],
       [35562.41233686, 37623.18898389],
       [35518.71869755, 37583.13648118],
       [35456.81937519, 37521.23715882],
       [35413.12573588, 37506.67261238],
       [35347.58527691, 37495.74920256],
       [35176.45185626, 37495.74920256],
       [35150.9639    , 37535.80170526],
       [35172.81071965, 37575.85420796],
       [35201.93981253, 37608.62443745],
       [35238.35117862, 37630.4712571 ],
       [35271.12140811, 37655.95921337],
       [35311.17391081, 37681.44716964],
       [35383.996643  , 37736.06421878],
       [35424.0491457 , 37787.04013131],
       [35453.17823858, 37841.65718045],
       [35456.81937519, 37881.70968316],
       [35456.81937519, 37929.04445908],
       [35431.33141892, 37976.379235  ],
       [35402.20232605, 38012.7906011 ],
       [35380.35550639, 38078.33106007],
       [35373.07323317, 38122.02469938],
       [35362.14982334, 38173.00061191],
       [35373.07323317, 38234.89993427],
       [35402.20232605, 38285.87584681],
       [35460.4605118 , 38329.56948612],
       [35540.56551721, 38409.67449153],
       [35602.46483957, 38457.00926745],
       [35682.56984498, 38467.93267728],
       [35886.4734951 , 38493.42063354],
       [36013.91327643, 38493.42063354],
       [36148.63533098, 38449.72699423],
       [36323.40988824, 38387.82767187],
       [36458.13194279, 38274.95243698],
       [36534.59581159, 38111.10128955],
       [36676.60013935, 37787.04013131],
       [36738.49946171, 37637.75353032],
       [36811.3221939 , 37371.95055783],
       [36855.01583322, 37127.994405  ],
       [36855.01583322, 36996.91348706],
       [36840.45128678, 36873.11484234],
       [36818.60446712, 36742.0339244 ],
       [36753.06400815, 36651.00550916],
       [36662.03559292, 36581.82391358],
       [36509.10785532, 36523.56572783],
       [36403.51489365, 36509.0011814 ],
       [36312.48647841, 36509.0011814 ],
       [36246.94601944, 36519.92459122],
       [36199.61124352, 36534.48913766],
       [36155.9176042 , 36552.69482071],
       [36112.22396489, 36567.25936715],
       [36046.68350592, 36585.46505019]]), array([[36061.24805236, 36603.67073324],
       [36126.78851133, 36552.69482071],
       [36163.19987742, 36512.642318  ],
       [36192.3289703 , 36476.23095191],
       [36225.09919978, 36439.81958582],
       [36301.56306858, 36363.35571702],
       [36327.05102485, 36334.22662414],
       [36341.61557129, 36294.17412144],
       [36385.3092106 , 36232.27479908],
       [36410.79716686, 36192.22229637],
       [36418.07944008, 36137.60524723],
       [36418.07944008, 36090.27047131],
       [36447.20853296, 36061.14137843],
       [36520.03126515, 36061.14137843],
       [36589.21286073, 36075.70592487],
       [36672.95900274, 36108.47615436],
       [36720.29377867, 36144.88752045],
       [36818.60446712, 36188.58115976],
       [36905.99174575, 36228.63366247],
       [36982.45561455, 36265.04502856],
       [37073.48402978, 36316.02094109],
       [37117.1776691 , 36381.56140006],
       [37128.10107893, 36636.44096273],
       [37128.10107893, 36734.75165118],
       [37113.53653249, 36869.47370573],
       [37066.20175656, 36953.21984775],
       [37004.3024342 , 37051.5305362 ],
       [36909.63288236, 37219.02282024],
       [36763.98741798, 37371.95055783],
       [36694.8058224 , 37415.64419715],
       [36407.15603026, 37066.09508264],
       [36392.59148382, 36953.21984775],
       [36268.7928391 , 36854.90915929]]), array([[36410.79716686, 36093.91160792],
       [36399.87375704, 36010.1654659 ],
       [36385.3092106 , 35970.1129632 ],
       [36385.3092106 , 35911.85477745],
       [36388.95034721, 35875.44341135],
       [36414.43830347, 35839.03204526],
       [36483.61989905, 35813.54408899],
       [36560.08376785, 35820.82636221],
       [36632.90650004, 35839.03204526],
       [36713.01150545, 35857.2377283 ],
       [36905.99174575, 35904.57250423],
       [36975.17334133, 35933.7015971 ],
       [37095.33084944, 35988.31864624],
       [37186.35926468, 36035.65342217],
       [37226.41176738, 36104.83501775],
       [37240.97631382, 36239.5570723 ],
       [37244.61745043, 36326.94435092],
       [37244.61745043, 36417.97276616],
       [37190.00040129, 36574.54164037],
       [37098.97198605, 36698.34028509],
       [37044.35493691, 36716.54596813]]), array([[36447.20853296, 35835.39090865],
       [36388.95034721, 35802.62067916],
       [36334.33329807, 35798.97954255],
       [36294.28079536, 35791.69726933],
       [36221.45806317, 35788.05613273],
       [36185.04669708, 35795.33840594],
       [36163.19987742, 35842.67318187],
       [36163.19987742, 35890.00795779],
       [36188.68783369, 35919.13705067],
       [36257.86942927, 35955.54841676],
       [36305.20420519, 35970.1129632 ],
       [36345.25670789, 35981.03637303],
       [36414.43830347, 36017.44773912]]), array([[36509.10785532, 35828.10863543],
       [36425.3617133 , 35795.33840594],
       [36348.8978445 , 35795.33840594],
       [36301.56306858, 35791.69726933],
       [36257.86942927, 35788.05613273],
       [36199.61124352, 35777.1327229 ],
       [36163.19987742, 35762.56817646],
       [36053.96577914, 35729.79794697],
       [36010.27213983, 35707.95112732],
       [35955.65509068, 35686.10430766],
       [35908.32031476, 35671.53976122],
       [35864.62667545, 35667.89862461],
       [35820.93303613, 35667.89862461],
       [35773.59826021, 35671.53976122],
       [35740.82803073, 35689.74544427],
       [35755.39257716, 35740.7213568 ],
       [35780.88053343, 35769.85044968],
       [35831.85644596, 35795.33840594],
       [35886.4734951 , 35817.1852256 ],
       [35944.73168086, 35842.67318187],
       [35992.06645678, 35864.52000152],
       [36050.32464253, 35882.72568457],
       [36108.58282828, 35908.21364084],
       [36174.12328725, 35926.41932388],
       [36246.94601944, 35937.34273371]])]