[array([[10389.64424726, 19315.09982425],
       [11087.01125506, 18722.99576102],
       [12113.32496465, 18130.8916978 ],
       [12955.42852124, 18104.57596165],
       [13494.90111217, 18407.2069273 ],
       [14758.05644705, 19354.57342846],
       [16008.05391386, 19894.0460194 ],
       [17205.41990838, 20065.09830433],
       [18126.4706734 , 20065.09830433],
       [19008.0478342 , 20236.15058926],
       [19665.94123778, 20854.57038863],
       [19626.46763357, 21328.25363921],
       [19139.62651492, 22894.03993974],
       [18363.31229869, 24196.66887883],
       [16994.89401924, 25380.87700528],
       [15389.63411449, 26196.66482572],
       [14481.74121755, 26262.45416608],
       [13665.9533971 , 26196.66482572],
       [13100.16507002, 25946.66533236],
       [12850.16557666, 25788.7709155 ],
       [12468.58740258, 25499.29781793],
       [12218.58790922, 25288.77192878],
       [11797.53613093, 25051.93030349],
       [11310.69501228, 24801.93081013],
       [11008.06404663, 24512.45771255],
       [10837.0117617 , 24275.61608726],
       [10573.85440026, 23880.88004511],
       [10415.9599834 , 23446.67039875],
       [10126.48688583, 22696.67191866],
       [ 9889.64526054, 21972.98917472],
       [ 9876.48739247, 20565.09729105],
       [ 9981.75033704, 19894.0460194 ],
       [10073.85541354, 19486.15210918]])]