[array([[3669.38871184, 3223.98      ],
       [3668.54496319, 3250.82851736],
       [3666.01704714, 3277.57107589],
       [3661.8149402 , 3304.10213493],
       [3655.95522618, 3330.3169885 ],
       [3648.46103069, 3356.11217856],
       [3639.3619299 , 3381.38590328],
       [3628.69383381, 3406.03841881],
       [3616.4988445 , 3429.97243294],
       [3602.82509004, 3453.09348904],
       [3587.72653448, 3475.31033887],
       [3571.26276494, 3496.53530268],
       [3553.49875637, 3516.68461522],
       [3534.50461522, 3535.67875637],
       [3514.35530268, 3553.44276494],
       [3493.13033887, 3569.90653448],
       [3470.91348904, 3585.00509004],
       [3447.79243294, 3598.6788445 ],
       [3423.85841881, 3610.87383381],
       [3399.20590328, 3621.5419299 ],
       [3373.93217856, 3630.64103069],
       [3348.1369885 , 3638.13522618],
       [3321.92213493, 3643.9949402 ],
       [3295.39107589, 3648.19704714],
       [3268.64851736, 3650.72496319],
       [3241.8       , 3651.56871184],
       [3214.95148264, 3650.72496319],
       [3188.20892411, 3648.19704714],
       [3161.67786507, 3643.9949402 ],
       [3135.4630115 , 3638.13522618],
       [3109.66782144, 3630.64103069],
       [3084.39409672, 3621.5419299 ],
       [3059.74158119, 3610.87383381],
       [3035.80756706, 3598.6788445 ],
       [3012.68651096, 3585.00509004],
       [2990.46966113, 3569.90653448],
       [2969.24469732, 3553.44276494],
       [2949.09538478, 3535.67875637],
       [2930.10124363, 3516.68461522],
       [2912.33723506, 3496.53530268],
       [2895.87346552, 3475.31033887],
       [2880.77490996, 3453.09348904],
       [2867.1011555 , 3429.97243294],
       [2854.90616619, 3406.03841881],
       [2844.2380701 , 3381.38590328],
       [2835.13896931, 3356.11217856],
       [2827.64477382, 3330.3169885 ],
       [2821.7850598 , 3304.10213493],
       [2817.58295286, 3277.57107589],
       [2815.05503681, 3250.82851736],
       [2814.21128816, 3223.98      ],
       [2815.05503681, 3197.13148264],
       [2817.58295286, 3170.38892411],
       [2821.7850598 , 3143.85786507],
       [2827.64477382, 3117.6430115 ],
       [2835.13896931, 3091.84782144],
       [2844.2380701 , 3066.57409672],
       [2854.90616619, 3041.92158119],
       [2867.1011555 , 3017.98756706],
       [2880.77490996, 2994.86651096],
       [2895.87346552, 2972.64966113],
       [2912.33723506, 2951.42469732],
       [2930.10124363, 2931.27538478],
       [2949.09538478, 2912.28124363],
       [2969.24469732, 2894.51723506],
       [2990.46966113, 2878.05346552],
       [3012.68651096, 2862.95490996],
       [3035.80756706, 2849.2811555 ],
       [3059.74158119, 2837.08616619],
       [3084.39409672, 2826.4180701 ],
       [3109.66782144, 2817.31896931],
       [3135.4630115 , 2809.82477382],
       [3161.67786507, 2803.9650598 ],
       [3188.20892411, 2799.76295286],
       [3214.95148264, 2797.23503681],
       [3241.8       , 2796.39128816],
       [3268.64851736, 2797.23503681],
       [3295.39107589, 2799.76295286],
       [3321.92213493, 2803.9650598 ],
       [3348.1369885 , 2809.82477382],
       [3373.93217856, 2817.31896931],
       [3399.20590328, 2826.4180701 ],
       [3423.85841881, 2837.08616619],
       [3447.79243294, 2849.2811555 ],
       [3470.91348904, 2862.95490996],
       [3493.13033887, 2878.05346552],
       [3514.35530268, 2894.51723506],
       [3534.50461522, 2912.28124363],
       [3553.49875637, 2931.27538478],
       [3571.26276494, 2951.42469732],
       [3587.72653448, 2972.64966113],
       [3602.82509004, 2994.86651096],
       [3616.4988445 , 3017.98756706],
       [3628.69383381, 3041.92158119],
       [3639.3619299 , 3066.57409672],
       [3648.46103069, 3091.84782144],
       [3655.95522618, 3117.6430115 ],
       [3661.8149402 , 3143.85786507],
       [3666.01704714, 3170.38892411],
       [3668.54496319, 3197.13148264]])]