[array([[18730.95340498, 30603.31407735],
       [18809.49069316, 30607.24094176],
       [18884.10111692, 30619.02153498],
       [19076.51747294, 30634.72899262],
       [19139.34730348, 30642.58272143],
       [19202.17713402, 30670.07077229],
       [19265.00696455, 30709.33941638],
       [19347.47111713, 30776.09611133],
       [19382.81289681, 30815.36475541],
       [19461.35018498, 30866.41399272],
       [19516.3262867 , 30980.29306057],
       [19563.44865961, 31039.1960267 ],
       [19618.42476133, 31306.22280649],
       [19622.35162574, 31369.05263702],
       [19673.40086305, 31643.93314563],
       [19661.62026982, 31722.4704338 ],
       [19630.20535455, 31824.56890842],
       [19602.71730369, 31891.32560337],
       [19590.93671047, 31930.59424745],
       [19520.25315111, 32040.54645089],
       [19508.47255789, 32087.6688238 ],
       [19480.98450703, 32146.57178993],
       [19477.05764262, 32209.40162046],
       [19496.69196466, 32311.50009509],
       [19496.69196466, 32362.5493324 ],
       [19461.35018498, 32460.72094261],
       [19426.00840531, 32554.96568842],
       [19351.39798154, 32637.429841  ],
       [19319.98306627, 32664.91789186],
       [19225.73832047, 32712.04026476],
       [19064.73687971, 32743.45518003],
       [18950.85781187, 32763.08950207],
       [18888.02798133, 32767.01636648],
       [18778.07577789, 32763.08950207],
       [18691.6847609 , 32755.23577326],
       [18621.00120154, 32739.52831562],
       [18471.78035402, 32704.18653595],
       [18381.46247262, 32684.5522139 ],
       [18287.21772681, 32660.99102745],
       [18141.9237437 , 32609.94179014],
       [18083.02077757, 32594.23433251],
       [18039.82526907, 32574.60001046],
       [17988.77603176, 32531.40450197],
       [17914.165608  , 32499.9895867 ],
       [17812.06713337, 32472.50153584],
       [17745.31043843, 32448.94034939],
       [17651.06569262, 32425.37916294],
       [17615.72391294, 32405.74484089],
       [17470.42992983, 32393.96424767],
       [17278.0135738 , 31997.3509424 ],
       [17270.15984499, 31895.25246778],
       [17266.23298058, 31812.7883152 ],
       [17278.0135738 , 31757.81221347],
       [17281.94043821, 31651.78687444],
       [17285.86730262, 31577.17645068],
       [17293.72103144, 31494.7122981 ],
       [17297.64789585, 31388.68695907],
       [17313.35535348, 31270.88102681],
       [17313.35535348, 31204.12433186],
       [17340.84340434, 31113.80645047],
       [17407.60009929, 30999.92738262],
       [17466.50306542, 30925.31695885],
       [17623.57764176, 30917.46323004],
       [17761.01789606, 30878.19458595],
       [17902.38501477, 30776.09611133],
       [17973.06857413, 30772.16924692],
       [18020.19094703, 30772.16924692],
       [18090.87450638, 30768.24238251],
       [18153.70433692, 30736.82746724],
       [18204.75357423, 30701.48568756],
       [18275.43713359, 30654.36331466],
       [18334.34009972, 30634.72899262],
       [18385.38933703, 30622.94839939],
       [18424.65798111, 30634.72899262],
       [18475.70721843, 30662.21704348],
       [18562.09823541, 30705.41255197],
       [18601.3668795 , 30717.1931452 ]])]