[array([[34222.16302146, 48839.79258018],
       [34214.99432872, 48771.68999916],
       [34211.40998235, 48707.17176451],
       [34211.40998235, 48653.40656897],
       [34175.56651866, 48631.90049075],
       [34111.04828401, 48631.90049075],
       [34064.45178121, 48617.56310527],
       [34060.86743484, 48581.71964158],
       [34100.2952449 , 48517.20140693],
       [34146.8917477 , 48470.60490413],
       [34193.4882505 , 48456.26751865],
       [34232.91606057, 48449.09882591],
       [34301.01864159, 48424.00840132],
       [34344.03079802, 48424.00840132],
       [34422.88641815, 48431.17709406],
       [34501.74203827, 48445.51447954],
       [34609.27242936, 48459.85186502],
       [34709.6341277 , 48467.02055776],
       [34799.24278693, 48492.11098234],
       [34856.59232885, 48538.70748515],
       [34924.69490986, 48610.39441253],
       [34964.12271993, 48671.32830081],
       [34964.12271993, 48721.50914999],
       [34996.38183725, 48746.59957457],
       [35118.24961381, 48764.52130642],
       [35129.00265292, 48818.28650196],
       [35139.75569203, 48864.88300476],
       [35143.3400384 , 48958.07601037],
       [35139.75569203, 49115.78725062],
       [35082.40615012, 49330.84803278],
       [34964.12271993, 49438.37842387],
       [34842.25494337, 49513.64969762],
       [34720.38716681, 49578.16793227],
       [34670.20631764, 49574.5835859 ],
       [34630.77850757, 49578.16793227],
       [34602.10373662, 49603.25835686],
       [34512.49507738, 49703.6200552 ],
       [34458.72988184, 49750.21655801],
       [34387.04295445, 49825.48783176],
       [34333.27775891, 49872.08433457],
       [34261.59083152, 49925.84953011],
       [34197.07259687, 49972.44603291],
       [34154.06044044, 50008.2894966 ],
       [34107.46393764, 50040.54861393],
       [34028.60831751, 50087.14511673],
       [33856.55969178, 50176.75377597],
       [33745.44495433, 50230.51897151],
       [33659.42064146, 50262.77808883],
       [33605.65544592, 50280.69982068],
       [33512.46244032, 50287.86851342],
       [33455.11289841, 50291.45285979],
       [33404.93204924, 50291.45285979],
       [33365.50423917, 50287.86851342],
       [33300.98600452, 50277.11547431],
       [33243.63646261, 50269.94678157],
       [33157.61214975, 50234.10331788],
       [33111.01564694, 50223.35027877],
       [33068.00349051, 50205.42854692],
       [33007.06960223, 50162.41639049],
       [32967.64179217, 50108.65119495],
       [32946.13571395, 50058.47034577],
       [32921.04528936, 50011.87384297],
       [32888.78617204, 49940.18691558],
       [32874.44878656, 49872.08433457],
       [32867.28009382, 49807.56609992],
       [32863.69574745, 49689.28266973],
       [32870.86444019, 49545.90881495],
       [32892.37051841, 49416.87234565],
       [32910.29225026, 49377.44453559],
       [32960.47309943, 49341.60107189],
       [33014.23829497, 49309.34195457],
       [33060.83479777, 49277.08283724],
       [33197.03995981, 49191.05852438],
       [33290.23296541, 49133.70898247],
       [33383.42597102, 49087.11247967],
       [33444.3598593 , 49076.35944056],
       [33498.12505484, 49072.77509419],
       [33605.65544592, 49054.85336234],
       [33731.10756885, 49026.17859139],
       [33835.05361356, 48997.50382043],
       [33967.67442923, 48940.15427852],
       [34014.27093203, 48922.23254667],
       [34060.86743484, 48900.72646846]])]