[array([[3141.2372125 , 5843.02      ],
       [3140.31956779, 5872.21992817],
       [3137.57025518, 5901.30461757],
       [3133.00012495, 5930.15928421],
       [3126.62721332, 5958.6700519 ],
       [3118.47667127, 5986.72440168],
       [3108.58066524, 6014.21161583],
       [3096.97825027, 6041.02321489],
       [3083.71521578, 6067.05338572],
       [3068.84390491, 6092.19939912],
       [3052.42300793, 6116.36201527],
       [3034.51733061, 6139.44587537],
       [3015.19753849, 6161.35987796],
       [2994.53987796, 6182.01753849],
       [2972.62587537, 6201.33733061],
       [2949.54201527, 6219.24300793],
       [2925.37939912, 6235.66390491],
       [2900.23338572, 6250.53521578],
       [2874.20321489, 6263.79825027],
       [2847.39161583, 6275.40066524],
       [2819.90440168, 6285.29667127],
       [2791.8500519 , 6293.44721332],
       [2763.33928421, 6299.82012495],
       [2734.48461757, 6304.39025518],
       [2705.39992817, 6307.13956779],
       [2676.2       , 6308.0572125 ],
       [2647.00007183, 6307.13956779],
       [2617.91538243, 6304.39025518],
       [2589.06071579, 6299.82012495],
       [2560.5499481 , 6293.44721332],
       [2532.49559832, 6285.29667127],
       [2505.00838417, 6275.40066524],
       [2478.19678511, 6263.79825027],
       [2452.16661428, 6250.53521578],
       [2427.02060088, 6235.66390491],
       [2402.85798473, 6219.24300793],
       [2379.77412463, 6201.33733061],
       [2357.86012204, 6182.01753849],
       [2337.20246151, 6161.35987796],
       [2317.88266939, 6139.44587537],
       [2299.97699207, 6116.36201527],
       [2283.55609509, 6092.19939912],
       [2268.68478422, 6067.05338572],
       [2255.42174973, 6041.02321489],
       [2243.81933476, 6014.21161583],
       [2233.92332873, 5986.72440168],
       [2225.77278668, 5958.6700519 ],
       [2219.39987505, 5930.15928421],
       [2214.82974482, 5901.30461757],
       [2212.08043221, 5872.21992817],
       [2211.1627875 , 5843.02      ],
       [2212.08043221, 5813.82007183],
       [2214.82974482, 5784.73538243],
       [2219.39987505, 5755.88071579],
       [2225.77278668, 5727.3699481 ],
       [2233.92332873, 5699.31559832],
       [2243.81933476, 5671.82838417],
       [2255.42174973, 5645.01678511],
       [2268.68478422, 5618.98661428],
       [2283.55609509, 5593.84060088],
       [2299.97699207, 5569.67798473],
       [2317.88266939, 5546.59412463],
       [2337.20246151, 5524.68012204],
       [2357.86012204, 5504.02246151],
       [2379.77412463, 5484.70266939],
       [2402.85798473, 5466.79699207],
       [2427.02060088, 5450.37609509],
       [2452.16661428, 5435.50478422],
       [2478.19678511, 5422.24174973],
       [2505.00838417, 5410.63933476],
       [2532.49559832, 5400.74332873],
       [2560.5499481 , 5392.59278668],
       [2589.06071579, 5386.21987505],
       [2617.91538243, 5381.64974482],
       [2647.00007183, 5378.90043221],
       [2676.2       , 5377.9827875 ],
       [2705.39992817, 5378.90043221],
       [2734.48461757, 5381.64974482],
       [2763.33928421, 5386.21987505],
       [2791.8500519 , 5392.59278668],
       [2819.90440168, 5400.74332873],
       [2847.39161583, 5410.63933476],
       [2874.20321489, 5422.24174973],
       [2900.23338572, 5435.50478422],
       [2925.37939912, 5450.37609509],
       [2949.54201527, 5466.79699207],
       [2972.62587537, 5484.70266939],
       [2994.53987796, 5504.02246151],
       [3015.19753849, 5524.68012204],
       [3034.51733061, 5546.59412463],
       [3052.42300793, 5569.67798473],
       [3068.84390491, 5593.84060088],
       [3083.71521578, 5618.98661428],
       [3096.97825027, 5645.01678511],
       [3108.58066524, 5671.82838417],
       [3118.47667127, 5699.31559832],
       [3126.62721332, 5727.3699481 ],
       [3133.00012495, 5755.88071579],
       [3137.57025518, 5784.73538243],
       [3140.31956779, 5813.82007183]])]