[array([[1596.20140706, 7563.35      ],
       [1595.27270375, 7592.90181846],
       [1592.49025899, 7622.3370094 ],
       [1587.86505382, 7651.53940555],
       [1581.41534181, 7680.39375842],
       [1573.16657703, 7708.78619304],
       [1563.15131357, 7736.60465745],
       [1551.40907712, 7763.73936488],
       [1537.98620891, 7790.08322704],
       [1522.93568288, 7815.53227673],
       [1506.31689657, 7839.98607819],
       [1488.19543674, 7863.34812343],
       [1468.64282051, 7885.52621314],
       [1447.73621314, 7906.43282051],
       [1425.55812343, 7925.98543674],
       [1402.19607819, 7944.10689657],
       [1377.74227673, 7960.72568288],
       [1352.29322704, 7975.77620891],
       [1325.94936488, 7989.19907712],
       [1298.81465745, 8000.94131357],
       [1270.99619304, 8010.95657703],
       [1242.60375842, 8019.20534181],
       [1213.74940555, 8025.65505382],
       [1184.5470094 , 8030.28025899],
       [1155.11181846, 8033.06270375],
       [1125.56      , 8033.99140706],
       [1096.00818154, 8033.06270375],
       [1066.5729906 , 8030.28025899],
       [1037.37059445, 8025.65505382],
       [1008.51624158, 8019.20534181],
       [ 980.12380696, 8010.95657703],
       [ 952.30534255, 8000.94131357],
       [ 925.17063512, 7989.19907712],
       [ 898.82677296, 7975.77620891],
       [ 873.37772327, 7960.72568288],
       [ 848.92392181, 7944.10689657],
       [ 825.56187657, 7925.98543674],
       [ 803.38378686, 7906.43282051],
       [ 782.47717949, 7885.52621314],
       [ 762.92456326, 7863.34812343],
       [ 744.80310343, 7839.98607819],
       [ 728.18431712, 7815.53227673],
       [ 713.13379109, 7790.08322704],
       [ 699.71092288, 7763.73936488],
       [ 687.96868643, 7736.60465745],
       [ 677.95342297, 7708.78619304],
       [ 669.70465819, 7680.39375842],
       [ 663.25494618, 7651.53940555],
       [ 658.62974101, 7622.3370094 ],
       [ 655.84729625, 7592.90181846],
       [ 654.91859294, 7563.35      ],
       [ 655.84729625, 7533.79818154],
       [ 658.62974101, 7504.3629906 ],
       [ 663.25494618, 7475.16059445],
       [ 669.70465819, 7446.30624158],
       [ 677.95342297, 7417.91380696],
       [ 687.96868643, 7390.09534255],
       [ 699.71092288, 7362.96063512],
       [ 713.13379109, 7336.61677296],
       [ 728.18431712, 7311.16772327],
       [ 744.80310343, 7286.71392181],
       [ 762.92456326, 7263.35187657],
       [ 782.47717949, 7241.17378686],
       [ 803.38378686, 7220.26717949],
       [ 825.56187657, 7200.71456326],
       [ 848.92392181, 7182.59310343],
       [ 873.37772327, 7165.97431712],
       [ 898.82677296, 7150.92379109],
       [ 925.17063512, 7137.50092288],
       [ 952.30534255, 7125.75868643],
       [ 980.12380696, 7115.74342297],
       [1008.51624158, 7107.49465819],
       [1037.37059445, 7101.04494618],
       [1066.5729906 , 7096.41974101],
       [1096.00818154, 7093.63729625],
       [1125.56      , 7092.70859294],
       [1155.11181846, 7093.63729625],
       [1184.5470094 , 7096.41974101],
       [1213.74940555, 7101.04494618],
       [1242.60375842, 7107.49465819],
       [1270.99619304, 7115.74342297],
       [1298.81465745, 7125.75868643],
       [1325.94936488, 7137.50092288],
       [1352.29322704, 7150.92379109],
       [1377.74227673, 7165.97431712],
       [1402.19607819, 7182.59310343],
       [1425.55812343, 7200.71456326],
       [1447.73621314, 7220.26717949],
       [1468.64282051, 7241.17378686],
       [1488.19543674, 7263.35187657],
       [1506.31689657, 7286.71392181],
       [1522.93568288, 7311.16772327],
       [1537.98620891, 7336.61677296],
       [1551.40907712, 7362.96063512],
       [1563.15131357, 7390.09534255],
       [1573.16657703, 7417.91380696],
       [1581.41534181, 7446.30624158],
       [1587.86505382, 7475.16059445],
       [1592.49025899, 7504.3629906 ],
       [1595.27270375, 7533.79818154]])]