[array([[4071.44869081, 3136.15      ],
       [4070.3367154 , 3171.53363136],
       [4067.00517762, 3206.77761969],
       [4061.46722553, 3241.74287308],
       [4053.7447149 , 3276.29139963],
       [4043.86812295, 3310.28685211],
       [4031.87642807, 3343.59506598],
       [4017.81695601, 3376.08458896],
       [4001.74519309, 3407.62719972],
       [3983.72456719, 3438.09841401],
       [3963.82619751, 3467.37797585],
       [3942.12861382, 3495.35033219],
       [3918.71744657, 3521.90508893],
       [3893.68508893, 3546.93744657],
       [3867.13033219, 3570.34861382],
       [3839.15797585, 3592.04619751],
       [3809.87841401, 3611.94456719],
       [3779.40719972, 3629.96519309],
       [3747.86458896, 3646.03695601],
       [3715.37506598, 3660.09642807],
       [3682.06685211, 3672.08812295],
       [3648.07139963, 3681.9647149 ],
       [3613.52287308, 3689.68722553],
       [3578.55761969, 3695.22517762],
       [3543.31363136, 3698.5567154 ],
       [3507.93      , 3699.66869081],
       [3472.54636864, 3698.5567154 ],
       [3437.30238031, 3695.22517762],
       [3402.33712692, 3689.68722553],
       [3367.78860037, 3681.9647149 ],
       [3333.79314789, 3672.08812295],
       [3300.48493402, 3660.09642807],
       [3267.99541104, 3646.03695601],
       [3236.45280028, 3629.96519309],
       [3205.98158599, 3611.94456719],
       [3176.70202415, 3592.04619751],
       [3148.72966781, 3570.34861382],
       [3122.17491107, 3546.93744657],
       [3097.14255343, 3521.90508893],
       [3073.73138618, 3495.35033219],
       [3052.03380249, 3467.37797585],
       [3032.13543281, 3438.09841401],
       [3014.11480691, 3407.62719972],
       [2998.04304399, 3376.08458896],
       [2983.98357193, 3343.59506598],
       [2971.99187705, 3310.28685211],
       [2962.1152851 , 3276.29139963],
       [2954.39277447, 3241.74287308],
       [2948.85482238, 3206.77761969],
       [2945.5232846 , 3171.53363136],
       [2944.41130919, 3136.15      ],
       [2945.5232846 , 3100.76636864],
       [2948.85482238, 3065.52238031],
       [2954.39277447, 3030.55712692],
       [2962.1152851 , 2996.00860037],
       [2971.99187705, 2962.01314789],
       [2983.98357193, 2928.70493402],
       [2998.04304399, 2896.21541104],
       [3014.11480691, 2864.67280028],
       [3032.13543281, 2834.20158599],
       [3052.03380249, 2804.92202415],
       [3073.73138618, 2776.94966781],
       [3097.14255343, 2750.39491107],
       [3122.17491107, 2725.36255343],
       [3148.72966781, 2701.95138618],
       [3176.70202415, 2680.25380249],
       [3205.98158599, 2660.35543281],
       [3236.45280028, 2642.33480691],
       [3267.99541104, 2626.26304399],
       [3300.48493402, 2612.20357193],
       [3333.79314789, 2600.21187705],
       [3367.78860037, 2590.3352851 ],
       [3402.33712692, 2582.61277447],
       [3437.30238031, 2577.07482238],
       [3472.54636864, 2573.7432846 ],
       [3507.93      , 2572.63130919],
       [3543.31363136, 2573.7432846 ],
       [3578.55761969, 2577.07482238],
       [3613.52287308, 2582.61277447],
       [3648.07139963, 2590.3352851 ],
       [3682.06685211, 2600.21187705],
       [3715.37506598, 2612.20357193],
       [3747.86458896, 2626.26304399],
       [3779.40719972, 2642.33480691],
       [3809.87841401, 2660.35543281],
       [3839.15797585, 2680.25380249],
       [3867.13033219, 2701.95138618],
       [3893.68508893, 2725.36255343],
       [3918.71744657, 2750.39491107],
       [3942.12861382, 2776.94966781],
       [3963.82619751, 2804.92202415],
       [3983.72456719, 2834.20158599],
       [4001.74519309, 2864.67280028],
       [4017.81695601, 2896.21541104],
       [4031.87642807, 2928.70493402],
       [4043.86812295, 2962.01314789],
       [4053.7447149 , 2996.00860037],
       [4061.46722553, 3030.55712692],
       [4067.00517762, 3065.52238031],
       [4070.3367154 , 3100.76636864]])]