[array([[1868.78471795, 5450.97      ],
       [1867.82617225, 5481.47141901],
       [1864.95431806, 5511.85246285],
       [1860.1804893 , 5541.99323143],
       [1853.52352608, 5571.7747729 ],
       [1845.0097004 , 5601.07955312],
       [1834.67261243, 5629.79191951],
       [1822.55305794, 5657.79855748],
       [1808.69886727, 5684.98893762],
       [1793.16471659, 5711.25575194],
       [1776.01191209, 5736.4953373 ],
       [1757.30814806, 5760.6080846 ],
       [1737.1272397 , 5783.49883184],
       [1715.54883184, 5805.0772397 ],
       [1692.6580846 , 5825.25814806],
       [1668.5453373 , 5843.96191209],
       [1643.30575194, 5861.11471659],
       [1617.03893762, 5876.64886727],
       [1589.84855748, 5890.50305794],
       [1561.84191951, 5902.62261243],
       [1533.12955312, 5912.9597004 ],
       [1503.8247729 , 5921.47352608],
       [1474.04323143, 5928.1304893 ],
       [1443.90246285, 5932.90431806],
       [1413.52141901, 5935.77617225],
       [1383.02      , 5936.73471795],
       [1352.51858099, 5935.77617225],
       [1322.13753715, 5932.90431806],
       [1291.99676857, 5928.1304893 ],
       [1262.2152271 , 5921.47352608],
       [1232.91044688, 5912.9597004 ],
       [1204.19808049, 5902.62261243],
       [1176.19144252, 5890.50305794],
       [1149.00106238, 5876.64886727],
       [1122.73424806, 5861.11471659],
       [1097.4946627 , 5843.96191209],
       [1073.3819154 , 5825.25814806],
       [1050.49116816, 5805.0772397 ],
       [1028.9127603 , 5783.49883184],
       [1008.73185194, 5760.6080846 ],
       [ 990.02808791, 5736.4953373 ],
       [ 972.87528341, 5711.25575194],
       [ 957.34113273, 5684.98893762],
       [ 943.48694206, 5657.79855748],
       [ 931.36738757, 5629.79191951],
       [ 921.0302996 , 5601.07955312],
       [ 912.51647392, 5571.7747729 ],
       [ 905.8595107 , 5541.99323143],
       [ 901.08568194, 5511.85246285],
       [ 898.21382775, 5481.47141901],
       [ 897.25528205, 5450.97      ],
       [ 898.21382775, 5420.46858099],
       [ 901.08568194, 5390.08753715],
       [ 905.8595107 , 5359.94676857],
       [ 912.51647392, 5330.1652271 ],
       [ 921.0302996 , 5300.86044688],
       [ 931.36738757, 5272.14808049],
       [ 943.48694206, 5244.14144252],
       [ 957.34113273, 5216.95106238],
       [ 972.87528341, 5190.68424806],
       [ 990.02808791, 5165.4446627 ],
       [1008.73185194, 5141.3319154 ],
       [1028.9127603 , 5118.44116816],
       [1050.49116816, 5096.8627603 ],
       [1073.3819154 , 5076.68185194],
       [1097.4946627 , 5057.97808791],
       [1122.73424806, 5040.82528341],
       [1149.00106238, 5025.29113273],
       [1176.19144252, 5011.43694206],
       [1204.19808049, 4999.31738757],
       [1232.91044688, 4988.9802996 ],
       [1262.2152271 , 4980.46647392],
       [1291.99676857, 4973.8095107 ],
       [1322.13753715, 4969.03568194],
       [1352.51858099, 4966.16382775],
       [1383.02      , 4965.20528205],
       [1413.52141901, 4966.16382775],
       [1443.90246285, 4969.03568194],
       [1474.04323143, 4973.8095107 ],
       [1503.8247729 , 4980.46647392],
       [1533.12955312, 4988.9802996 ],
       [1561.84191951, 4999.31738757],
       [1589.84855748, 5011.43694206],
       [1617.03893762, 5025.29113273],
       [1643.30575194, 5040.82528341],
       [1668.5453373 , 5057.97808791],
       [1692.6580846 , 5076.68185194],
       [1715.54883184, 5096.8627603 ],
       [1737.1272397 , 5118.44116816],
       [1757.30814806, 5141.3319154 ],
       [1776.01191209, 5165.4446627 ],
       [1793.16471659, 5190.68424806],
       [1808.69886727, 5216.95106238],
       [1822.55305794, 5244.14144252],
       [1834.67261243, 5272.14808049],
       [1845.0097004 , 5300.86044688],
       [1853.52352608, 5330.1652271 ],
       [1860.1804893 , 5359.94676857],
       [1864.95431806, 5390.08753715],
       [1867.82617225, 5420.46858099]])]