[array([[8266.34329615, 7692.8       ],
       [8264.65843145, 7746.41326416],
       [8259.61048673, 7799.81494126],
       [8251.21938393, 7852.79427928],
       [8239.51823889, 7905.14219298],
       [8224.5532307 , 7956.65208904],
       [8206.38341939, 8007.12068146],
       [8185.08051292, 8056.34879374],
       [8160.72858413, 8104.14214503],
       [8133.42373894, 8150.31211679],
       [8103.27373712, 8194.67649725],
       [8070.39756694, 8237.06020045],
       [8034.92497563, 8277.2959573 ],
       [7996.9959573 , 8315.22497563],
       [7956.76020045, 8350.69756694],
       [7914.37649725, 8383.57373712],
       [7870.01211679, 8413.72373894],
       [7823.84214503, 8441.02858413],
       [7776.04879374, 8465.38051292],
       [7726.82068146, 8486.68341939],
       [7676.35208904, 8504.8532307 ],
       [7624.84219298, 8519.81823889],
       [7572.49427928, 8531.51938393],
       [7519.51494126, 8539.91048673],
       [7466.11326416, 8544.95843145],
       [7412.5       , 8546.64329615],
       [7358.88673584, 8544.95843145],
       [7305.48505874, 8539.91048673],
       [7252.50572072, 8531.51938393],
       [7200.15780702, 8519.81823889],
       [7148.64791096, 8504.8532307 ],
       [7098.17931854, 8486.68341939],
       [7048.95120626, 8465.38051292],
       [7001.15785497, 8441.02858413],
       [6954.98788321, 8413.72373894],
       [6910.62350275, 8383.57373712],
       [6868.23979955, 8350.69756694],
       [6828.0040427 , 8315.22497563],
       [6790.07502437, 8277.2959573 ],
       [6754.60243306, 8237.06020045],
       [6721.72626288, 8194.67649725],
       [6691.57626106, 8150.31211679],
       [6664.27141587, 8104.14214503],
       [6639.91948708, 8056.34879374],
       [6618.61658061, 8007.12068146],
       [6600.4467693 , 7956.65208904],
       [6585.48176111, 7905.14219298],
       [6573.78061607, 7852.79427928],
       [6565.38951327, 7799.81494126],
       [6560.34156855, 7746.41326416],
       [6558.65670385, 7692.8       ],
       [6560.34156855, 7639.18673584],
       [6565.38951327, 7585.78505874],
       [6573.78061607, 7532.80572072],
       [6585.48176111, 7480.45780702],
       [6600.4467693 , 7428.94791096],
       [6618.61658061, 7378.47931854],
       [6639.91948708, 7329.25120626],
       [6664.27141587, 7281.45785497],
       [6691.57626106, 7235.28788321],
       [6721.72626288, 7190.92350275],
       [6754.60243306, 7148.53979955],
       [6790.07502437, 7108.3040427 ],
       [6828.0040427 , 7070.37502437],
       [6868.23979955, 7034.90243306],
       [6910.62350275, 7002.02626288],
       [6954.98788321, 6971.87626106],
       [7001.15785497, 6944.57141587],
       [7048.95120626, 6920.21948708],
       [7098.17931854, 6898.91658061],
       [7148.64791096, 6880.7467693 ],
       [7200.15780702, 6865.78176111],
       [7252.50572072, 6854.08061607],
       [7305.48505874, 6845.68951327],
       [7358.88673584, 6840.64156855],
       [7412.5       , 6838.95670385],
       [7466.11326416, 6840.64156855],
       [7519.51494126, 6845.68951327],
       [7572.49427928, 6854.08061607],
       [7624.84219298, 6865.78176111],
       [7676.35208904, 6880.7467693 ],
       [7726.82068146, 6898.91658061],
       [7776.04879374, 6920.21948708],
       [7823.84214503, 6944.57141587],
       [7870.01211679, 6971.87626106],
       [7914.37649725, 7002.02626288],
       [7956.76020045, 7034.90243306],
       [7996.9959573 , 7070.37502437],
       [8034.92497563, 7108.3040427 ],
       [8070.39756694, 7148.53979955],
       [8103.27373712, 7190.92350275],
       [8133.42373894, 7235.28788321],
       [8160.72858413, 7281.45785497],
       [8185.08051292, 7329.25120626],
       [8206.38341939, 7378.47931854],
       [8224.5532307 , 7428.94791096],
       [8239.51823889, 7480.45780702],
       [8251.21938393, 7532.80572072],
       [8259.61048673, 7585.78505874],
       [8264.65843145, 7639.18673584]])]