[array([[5089.5003483 , 4057.99      ],
       [5088.67731578, 4084.17931966],
       [5086.21146633, 4110.26528204],
       [5082.11253154, 4136.14493777],
       [5076.39668804, 4161.71615166],
       [5069.08649364, 4186.87800582],
       [5060.21079834, 4211.5311979 ],
       [5049.80463047, 4235.57843302],
       [5037.9090584 , 4258.92480773],
       [5024.57102853, 4281.47818455],
       [5009.84317997, 4303.14955561],
       [4993.7836368 , 4323.8533939 ],
       [4976.45577871, 4343.50799084],
       [4957.92799084, 4362.03577871],
       [4938.2733939 , 4379.3636368 ],
       [4917.56955561, 4395.42317997],
       [4895.89818455, 4410.15102853],
       [4873.34480773, 4423.4890584 ],
       [4849.99843302, 4435.38463047],
       [4825.9511979 , 4445.79079834],
       [4801.29800582, 4454.66649364],
       [4776.13615166, 4461.97668804],
       [4750.56493777, 4467.69253154],
       [4724.68528204, 4471.79146633],
       [4698.59931966, 4474.25731578],
       [4672.41      , 4475.0803483 ],
       [4646.22068034, 4474.25731578],
       [4620.13471796, 4471.79146633],
       [4594.25506223, 4467.69253154],
       [4568.68384834, 4461.97668804],
       [4543.52199418, 4454.66649364],
       [4518.8688021 , 4445.79079834],
       [4494.82156698, 4435.38463047],
       [4471.47519227, 4423.4890584 ],
       [4448.92181545, 4410.15102853],
       [4427.25044439, 4395.42317997],
       [4406.5466061 , 4379.3636368 ],
       [4386.89200916, 4362.03577871],
       [4368.36422129, 4343.50799084],
       [4351.0363632 , 4323.8533939 ],
       [4334.97682003, 4303.14955561],
       [4320.24897147, 4281.47818455],
       [4306.9109416 , 4258.92480773],
       [4295.01536953, 4235.57843302],
       [4284.60920166, 4211.5311979 ],
       [4275.73350636, 4186.87800582],
       [4268.42331196, 4161.71615166],
       [4262.70746846, 4136.14493777],
       [4258.60853367, 4110.26528204],
       [4256.14268422, 4084.17931966],
       [4255.3196517 , 4057.99      ],
       [4256.14268422, 4031.80068034],
       [4258.60853367, 4005.71471796],
       [4262.70746846, 3979.83506223],
       [4268.42331196, 3954.26384834],
       [4275.73350636, 3929.10199418],
       [4284.60920166, 3904.4488021 ],
       [4295.01536953, 3880.40156698],
       [4306.9109416 , 3857.05519227],
       [4320.24897147, 3834.50181545],
       [4334.97682003, 3812.83044439],
       [4351.0363632 , 3792.1266061 ],
       [4368.36422129, 3772.47200916],
       [4386.89200916, 3753.94422129],
       [4406.5466061 , 3736.6163632 ],
       [4427.25044439, 3720.55682003],
       [4448.92181545, 3705.82897147],
       [4471.47519227, 3692.4909416 ],
       [4494.82156698, 3680.59536953],
       [4518.8688021 , 3670.18920166],
       [4543.52199418, 3661.31350636],
       [4568.68384834, 3654.00331196],
       [4594.25506223, 3648.28746846],
       [4620.13471796, 3644.18853367],
       [4646.22068034, 3641.72268422],
       [4672.41      , 3640.8996517 ],
       [4698.59931966, 3641.72268422],
       [4724.68528204, 3644.18853367],
       [4750.56493777, 3648.28746846],
       [4776.13615166, 3654.00331196],
       [4801.29800582, 3661.31350636],
       [4825.9511979 , 3670.18920166],
       [4849.99843302, 3680.59536953],
       [4873.34480773, 3692.4909416 ],
       [4895.89818455, 3705.82897147],
       [4917.56955561, 3720.55682003],
       [4938.2733939 , 3736.6163632 ],
       [4957.92799084, 3753.94422129],
       [4976.45577871, 3772.47200916],
       [4993.7836368 , 3792.1266061 ],
       [5009.84317997, 3812.83044439],
       [5024.57102853, 3834.50181545],
       [5037.9090584 , 3857.05519227],
       [5049.80463047, 3880.40156698],
       [5060.21079834, 3904.4488021 ],
       [5069.08649364, 3929.10199418],
       [5076.39668804, 3954.26384834],
       [5082.11253154, 3979.83506223],
       [5086.21146633, 4005.71471796],
       [5088.67731578, 4031.80068034]])]