[array([[ 5494.26455323, 12637.85      ],
       [ 5493.40212591, 12665.29288246],
       [ 5490.81824754, 12692.6274604 ],
       [ 5486.52311551, 12719.74585673],
       [ 5480.53368076, 12746.54104753],
       [ 5472.87358083, 12772.90728442],
       [ 5463.57304665, 12798.74051191],
       [ 5452.66878317, 12823.93877805],
       [ 5440.20382454, 12848.4026368 ],
       [ 5426.22736426, 12872.03554049],
       [ 5410.79456103, 12894.74422084],
       [ 5393.96632108, 12916.43905706],
       [ 5375.80905778, 12937.03442955],
       [ 5356.39442955, 12956.44905778],
       [ 5335.79905706, 12974.60632108],
       [ 5314.10422084, 12991.43456103],
       [ 5291.39554049, 13006.86736426],
       [ 5267.7626368 , 13020.84382454],
       [ 5243.29877805, 13033.30878317],
       [ 5218.10051191, 13044.21304665],
       [ 5192.26728442, 13053.51358083],
       [ 5165.90104753, 13061.17368076],
       [ 5139.10585673, 13067.16311551],
       [ 5111.9874604 , 13071.45824754],
       [ 5084.65288246, 13074.04212591],
       [ 5057.21      , 13074.90455323],
       [ 5029.76711754, 13074.04212591],
       [ 5002.4325396 , 13071.45824754],
       [ 4975.31414327, 13067.16311551],
       [ 4948.51895247, 13061.17368076],
       [ 4922.15271558, 13053.51358083],
       [ 4896.31948809, 13044.21304665],
       [ 4871.12122195, 13033.30878317],
       [ 4846.6573632 , 13020.84382454],
       [ 4823.02445951, 13006.86736426],
       [ 4800.31577916, 12991.43456103],
       [ 4778.62094294, 12974.60632108],
       [ 4758.02557045, 12956.44905778],
       [ 4738.61094222, 12937.03442955],
       [ 4720.45367892, 12916.43905706],
       [ 4703.62543897, 12894.74422084],
       [ 4688.19263574, 12872.03554049],
       [ 4674.21617546, 12848.4026368 ],
       [ 4661.75121683, 12823.93877805],
       [ 4650.84695335, 12798.74051191],
       [ 4641.54641917, 12772.90728442],
       [ 4633.88631924, 12746.54104753],
       [ 4627.89688449, 12719.74585673],
       [ 4623.60175246, 12692.6274604 ],
       [ 4621.01787409, 12665.29288246],
       [ 4620.15544677, 12637.85      ],
       [ 4621.01787409, 12610.40711754],
       [ 4623.60175246, 12583.0725396 ],
       [ 4627.89688449, 12555.95414327],
       [ 4633.88631924, 12529.15895247],
       [ 4641.54641917, 12502.79271558],
       [ 4650.84695335, 12476.95948809],
       [ 4661.75121683, 12451.76122195],
       [ 4674.21617546, 12427.2973632 ],
       [ 4688.19263574, 12403.66445951],
       [ 4703.62543897, 12380.95577916],
       [ 4720.45367892, 12359.26094294],
       [ 4738.61094222, 12338.66557045],
       [ 4758.02557045, 12319.25094222],
       [ 4778.62094294, 12301.09367892],
       [ 4800.31577916, 12284.26543897],
       [ 4823.02445951, 12268.83263574],
       [ 4846.6573632 , 12254.85617546],
       [ 4871.12122195, 12242.39121683],
       [ 4896.31948809, 12231.48695335],
       [ 4922.15271558, 12222.18641917],
       [ 4948.51895247, 12214.52631924],
       [ 4975.31414327, 12208.53688449],
       [ 5002.4325396 , 12204.24175246],
       [ 5029.76711754, 12201.65787409],
       [ 5057.21      , 12200.79544677],
       [ 5084.65288246, 12201.65787409],
       [ 5111.9874604 , 12204.24175246],
       [ 5139.10585673, 12208.53688449],
       [ 5165.90104753, 12214.52631924],
       [ 5192.26728442, 12222.18641917],
       [ 5218.10051191, 12231.48695335],
       [ 5243.29877805, 12242.39121683],
       [ 5267.7626368 , 12254.85617546],
       [ 5291.39554049, 12268.83263574],
       [ 5314.10422084, 12284.26543897],
       [ 5335.79905706, 12301.09367892],
       [ 5356.39442955, 12319.25094222],
       [ 5375.80905778, 12338.66557045],
       [ 5393.96632108, 12359.26094294],
       [ 5410.79456103, 12380.95577916],
       [ 5426.22736426, 12403.66445951],
       [ 5440.20382454, 12427.2973632 ],
       [ 5452.66878317, 12451.76122195],
       [ 5463.57304665, 12476.95948809],
       [ 5472.87358083, 12502.79271558],
       [ 5480.53368076, 12529.15895247],
       [ 5486.52311551, 12555.95414327],
       [ 5490.81824754, 12583.0725396 ],
       [ 5493.40212591, 12610.40711754]])]