[array([[ 4465.80679673, 12073.01      ],
       [ 4464.94132614, 12100.54972073],
       [ 4462.34832999, 12127.98075477],
       [ 4458.03804164, 12155.19484434],
       [ 4452.02747184, 12182.08458789],
       [ 4444.34034156, 12208.54386387],
       [ 4435.00698839, 12234.46824961],
       [ 4424.06424681, 12259.75543339],
       [ 4411.55530282, 12284.30561827],
       [ 4397.52952351, 12308.02191588],
       [ 4382.04226223, 12330.81072882],
       [ 4365.15464012, 12352.58212006],
       [ 4346.9333049 , 12373.25016787],
       [ 4327.45016787, 12392.7333049 ],
       [ 4306.78212006, 12410.95464012],
       [ 4285.01072882, 12427.84226223],
       [ 4262.22191588, 12443.32952351],
       [ 4238.50561827, 12457.35530282],
       [ 4213.95543339, 12469.86424681],
       [ 4188.66824961, 12480.80698839],
       [ 4162.74386387, 12490.14034156],
       [ 4136.28458789, 12497.82747184],
       [ 4109.39484434, 12503.83804164],
       [ 4082.18075477, 12508.14832999],
       [ 4054.74972073, 12510.74132614],
       [ 4027.21      , 12511.60679673],
       [ 3999.67027927, 12510.74132614],
       [ 3972.23924523, 12508.14832999],
       [ 3945.02515566, 12503.83804164],
       [ 3918.13541211, 12497.82747184],
       [ 3891.67613613, 12490.14034156],
       [ 3865.75175039, 12480.80698839],
       [ 3840.46456661, 12469.86424681],
       [ 3815.91438173, 12457.35530282],
       [ 3792.19808412, 12443.32952351],
       [ 3769.40927118, 12427.84226223],
       [ 3747.63787994, 12410.95464012],
       [ 3726.96983213, 12392.7333049 ],
       [ 3707.4866951 , 12373.25016787],
       [ 3689.26535988, 12352.58212006],
       [ 3672.37773777, 12330.81072882],
       [ 3656.89047649, 12308.02191588],
       [ 3642.86469718, 12284.30561827],
       [ 3630.35575319, 12259.75543339],
       [ 3619.41301161, 12234.46824961],
       [ 3610.07965844, 12208.54386387],
       [ 3602.39252816, 12182.08458789],
       [ 3596.38195836, 12155.19484434],
       [ 3592.07167001, 12127.98075477],
       [ 3589.47867386, 12100.54972073],
       [ 3588.61320327, 12073.01      ],
       [ 3589.47867386, 12045.47027927],
       [ 3592.07167001, 12018.03924523],
       [ 3596.38195836, 11990.82515566],
       [ 3602.39252816, 11963.93541211],
       [ 3610.07965844, 11937.47613613],
       [ 3619.41301161, 11911.55175039],
       [ 3630.35575319, 11886.26456661],
       [ 3642.86469718, 11861.71438173],
       [ 3656.89047649, 11837.99808412],
       [ 3672.37773777, 11815.20927118],
       [ 3689.26535988, 11793.43787994],
       [ 3707.4866951 , 11772.76983213],
       [ 3726.96983213, 11753.2866951 ],
       [ 3747.63787994, 11735.06535988],
       [ 3769.40927118, 11718.17773777],
       [ 3792.19808412, 11702.69047649],
       [ 3815.91438173, 11688.66469718],
       [ 3840.46456661, 11676.15575319],
       [ 3865.75175039, 11665.21301161],
       [ 3891.67613613, 11655.87965844],
       [ 3918.13541211, 11648.19252816],
       [ 3945.02515566, 11642.18195836],
       [ 3972.23924523, 11637.87167001],
       [ 3999.67027927, 11635.27867386],
       [ 4027.21      , 11634.41320327],
       [ 4054.74972073, 11635.27867386],
       [ 4082.18075477, 11637.87167001],
       [ 4109.39484434, 11642.18195836],
       [ 4136.28458789, 11648.19252816],
       [ 4162.74386387, 11655.87965844],
       [ 4188.66824961, 11665.21301161],
       [ 4213.95543339, 11676.15575319],
       [ 4238.50561827, 11688.66469718],
       [ 4262.22191588, 11702.69047649],
       [ 4285.01072882, 11718.17773777],
       [ 4306.78212006, 11735.06535988],
       [ 4327.45016787, 11753.2866951 ],
       [ 4346.9333049 , 11772.76983213],
       [ 4365.15464012, 11793.43787994],
       [ 4382.04226223, 11815.20927118],
       [ 4397.52952351, 11837.99808412],
       [ 4411.55530282, 11861.71438173],
       [ 4424.06424681, 11886.26456661],
       [ 4435.00698839, 11911.55175039],
       [ 4444.34034156, 11937.47613613],
       [ 4452.02747184, 11963.93541211],
       [ 4458.03804164, 11990.82515566],
       [ 4462.34832999, 12018.03924523],
       [ 4464.94132614, 12045.47027927]])]