[array([[6505.43781472, 4243.11      ],
       [6504.54897859, 4271.3932244 ],
       [6501.88597802, 4299.56482784],
       [6497.45932265, 4327.51362986],
       [6491.28648248, 4355.12932932],
       [6483.39181888, 4382.30293966],
       [6473.80648849, 4408.92721906],
       [6462.56832022, 4434.89709365],
       [6449.72166599, 4460.1100722 ],
       [6435.31722567, 4484.4666506 ],
       [6419.41184702, 4507.87070457],
       [6402.06830129, 4530.229869  ],
       [6383.35503554, 4551.45590247],
       [6363.34590247, 4571.46503554],
       [6342.119869  , 4590.17830129],
       [6319.76070457, 4607.52184702],
       [6296.3566506 , 4623.42722567],
       [6272.0000722 , 4637.83166599],
       [6246.78709365, 4650.67832022],
       [6220.81721906, 4661.91648849],
       [6194.19293966, 4671.50181888],
       [6167.01932932, 4679.39648248],
       [6139.40362986, 4685.56932265],
       [6111.45482784, 4689.99597802],
       [6083.2832244 , 4692.65897859],
       [6055.        , 4693.54781472],
       [6026.7167756 , 4692.65897859],
       [5998.54517216, 4689.99597802],
       [5970.59637014, 4685.56932265],
       [5942.98067068, 4679.39648248],
       [5915.80706034, 4671.50181888],
       [5889.18278094, 4661.91648849],
       [5863.21290635, 4650.67832022],
       [5837.9999278 , 4637.83166599],
       [5813.6433494 , 4623.42722567],
       [5790.23929543, 4607.52184702],
       [5767.880131  , 4590.17830129],
       [5746.65409753, 4571.46503554],
       [5726.64496446, 4551.45590247],
       [5707.93169871, 4530.229869  ],
       [5690.58815298, 4507.87070457],
       [5674.68277433, 4484.4666506 ],
       [5660.27833401, 4460.1100722 ],
       [5647.43167978, 4434.89709365],
       [5636.19351151, 4408.92721906],
       [5626.60818112, 4382.30293966],
       [5618.71351752, 4355.12932932],
       [5612.54067735, 4327.51362986],
       [5608.11402198, 4299.56482784],
       [5605.45102141, 4271.3932244 ],
       [5604.56218528, 4243.11      ],
       [5605.45102141, 4214.8267756 ],
       [5608.11402198, 4186.65517216],
       [5612.54067735, 4158.70637014],
       [5618.71351752, 4131.09067068],
       [5626.60818112, 4103.91706034],
       [5636.19351151, 4077.29278094],
       [5647.43167978, 4051.32290635],
       [5660.27833401, 4026.1099278 ],
       [5674.68277433, 4001.7533494 ],
       [5690.58815298, 3978.34929543],
       [5707.93169871, 3955.990131  ],
       [5726.64496446, 3934.76409753],
       [5746.65409753, 3914.75496446],
       [5767.880131  , 3896.04169871],
       [5790.23929543, 3878.69815298],
       [5813.6433494 , 3862.79277433],
       [5837.9999278 , 3848.38833401],
       [5863.21290635, 3835.54167978],
       [5889.18278094, 3824.30351151],
       [5915.80706034, 3814.71818112],
       [5942.98067068, 3806.82351752],
       [5970.59637014, 3800.65067735],
       [5998.54517216, 3796.22402198],
       [6026.7167756 , 3793.56102141],
       [6055.        , 3792.67218528],
       [6083.2832244 , 3793.56102141],
       [6111.45482784, 3796.22402198],
       [6139.40362986, 3800.65067735],
       [6167.01932932, 3806.82351752],
       [6194.19293966, 3814.71818112],
       [6220.81721906, 3824.30351151],
       [6246.78709365, 3835.54167978],
       [6272.0000722 , 3848.38833401],
       [6296.3566506 , 3862.79277433],
       [6319.76070457, 3878.69815298],
       [6342.119869  , 3896.04169871],
       [6363.34590247, 3914.75496446],
       [6383.35503554, 3934.76409753],
       [6402.06830129, 3955.990131  ],
       [6419.41184702, 3978.34929543],
       [6435.31722567, 4001.7533494 ],
       [6449.72166599, 4026.1099278 ],
       [6462.56832022, 4051.32290635],
       [6473.80648849, 4077.29278094],
       [6483.39181888, 4103.91706034],
       [6491.28648248, 4131.09067068],
       [6497.45932265, 4158.70637014],
       [6501.88597802, 4186.65517216],
       [6504.54897859, 4214.8267756 ]])]