[array([[8331.50894633, 8938.05      ],
       [8330.1492459 , 8981.31636923],
       [8326.07551072, 9024.41198586],
       [8319.30381798, 9067.16677119],
       [8309.86089244, 9109.41199161],
       [8297.78400101, 9150.98092454],
       [8283.12080568, 9191.70951639],
       [8265.92917538, 9231.43703001],
       [8246.27695761, 9270.00667906],
       [8224.2417107 , 9307.26624676],
       [8199.9103977 , 9343.06868661],
       [8173.3790432 , 9377.27270274],
       [8144.75235432, 9409.74330752],
       [8114.14330752, 9440.35235432],
       [8081.67270274, 9468.9790432 ],
       [8047.46868661, 9495.5103977 ],
       [8011.66624676, 9519.8417107 ],
       [7974.40667906, 9541.87695761],
       [7935.83703001, 9561.52917538],
       [7896.10951639, 9578.72080568],
       [7855.38092454, 9593.38400101],
       [7813.81199161, 9605.46089244],
       [7771.56677119, 9614.90381798],
       [7728.81198586, 9621.67551072],
       [7685.71636923, 9625.7492459 ],
       [7642.45      , 9627.10894633],
       [7599.18363077, 9625.7492459 ],
       [7556.08801414, 9621.67551072],
       [7513.33322881, 9614.90381798],
       [7471.08800839, 9605.46089244],
       [7429.51907546, 9593.38400101],
       [7388.79048361, 9578.72080568],
       [7349.06296999, 9561.52917538],
       [7310.49332094, 9541.87695761],
       [7273.23375324, 9519.8417107 ],
       [7237.43131339, 9495.5103977 ],
       [7203.22729726, 9468.9790432 ],
       [7170.75669248, 9440.35235432],
       [7140.14764568, 9409.74330752],
       [7111.5209568 , 9377.27270274],
       [7084.9896023 , 9343.06868661],
       [7060.6582893 , 9307.26624676],
       [7038.62304239, 9270.00667906],
       [7018.97082462, 9231.43703001],
       [7001.77919432, 9191.70951639],
       [6987.11599899, 9150.98092454],
       [6975.03910756, 9109.41199161],
       [6965.59618202, 9067.16677119],
       [6958.82448928, 9024.41198586],
       [6954.7507541 , 8981.31636923],
       [6953.39105367, 8938.05      ],
       [6954.7507541 , 8894.78363077],
       [6958.82448928, 8851.68801414],
       [6965.59618202, 8808.93322881],
       [6975.03910756, 8766.68800839],
       [6987.11599899, 8725.11907546],
       [7001.77919432, 8684.39048361],
       [7018.97082462, 8644.66296999],
       [7038.62304239, 8606.09332094],
       [7060.6582893 , 8568.83375324],
       [7084.9896023 , 8533.03131339],
       [7111.5209568 , 8498.82729726],
       [7140.14764568, 8466.35669248],
       [7170.75669248, 8435.74764568],
       [7203.22729726, 8407.1209568 ],
       [7237.43131339, 8380.5896023 ],
       [7273.23375324, 8356.2582893 ],
       [7310.49332094, 8334.22304239],
       [7349.06296999, 8314.57082462],
       [7388.79048361, 8297.37919432],
       [7429.51907546, 8282.71599899],
       [7471.08800839, 8270.63910756],
       [7513.33322881, 8261.19618202],
       [7556.08801414, 8254.42448928],
       [7599.18363077, 8250.3507541 ],
       [7642.45      , 8248.99105367],
       [7685.71636923, 8250.3507541 ],
       [7728.81198586, 8254.42448928],
       [7771.56677119, 8261.19618202],
       [7813.81199161, 8270.63910756],
       [7855.38092454, 8282.71599899],
       [7896.10951639, 8297.37919432],
       [7935.83703001, 8314.57082462],
       [7974.40667906, 8334.22304239],
       [8011.66624676, 8356.2582893 ],
       [8047.46868661, 8380.5896023 ],
       [8081.67270274, 8407.1209568 ],
       [8114.14330752, 8435.74764568],
       [8144.75235432, 8466.35669248],
       [8173.3790432 , 8498.82729726],
       [8199.9103977 , 8533.03131339],
       [8224.2417107 , 8568.83375324],
       [8246.27695761, 8606.09332094],
       [8265.92917538, 8644.66296999],
       [8283.12080568, 8684.39048361],
       [8297.78400101, 8725.11907546],
       [8309.86089244, 8766.68800839],
       [8319.30381798, 8808.93322881],
       [8326.07551072, 8851.68801414],
       [8330.1492459 , 8894.78363077]])]