[array([[ 6634.79365014, 10156.85      ],
       [ 6633.89929707, 10185.30877636],
       [ 6631.21976744, 10213.65523893],
       [ 6626.76563614, 10241.77751718],
       [ 6620.55448159, 10269.56462531],
       [ 6612.61081637, 10296.90690032],
       [ 6602.96599052, 10323.69643472],
       [ 6591.65806774, 10349.82750247],
       [ 6578.73167524, 10375.19697618],
       [ 6564.23782759, 10399.70473413],
       [ 6548.23372539, 10423.2540554 ],
       [ 6530.78252951, 10445.75200156],
       [ 6511.95311185, 10467.10978352],
       [ 6491.81978352, 10487.24311185],
       [ 6470.46200156, 10506.07252951],
       [ 6447.9640554 , 10523.52372539],
       [ 6424.41473413, 10539.52782759],
       [ 6399.90697618, 10554.02167524],
       [ 6374.53750247, 10566.94806774],
       [ 6348.40643472, 10578.25599052],
       [ 6321.61690032, 10587.90081637],
       [ 6294.27462531, 10595.84448159],
       [ 6266.48751718, 10602.05563614],
       [ 6238.36523893, 10606.50976744],
       [ 6210.01877636, 10609.18929707],
       [ 6181.56      , 10610.08365014],
       [ 6153.10122364, 10609.18929707],
       [ 6124.75476107, 10606.50976744],
       [ 6096.63248282, 10602.05563614],
       [ 6068.84537469, 10595.84448159],
       [ 6041.50309968, 10587.90081637],
       [ 6014.71356528, 10578.25599052],
       [ 5988.58249753, 10566.94806774],
       [ 5963.21302382, 10554.02167524],
       [ 5938.70526587, 10539.52782759],
       [ 5915.1559446 , 10523.52372539],
       [ 5892.65799844, 10506.07252951],
       [ 5871.30021648, 10487.24311185],
       [ 5851.16688815, 10467.10978352],
       [ 5832.33747049, 10445.75200156],
       [ 5814.88627461, 10423.2540554 ],
       [ 5798.88217241, 10399.70473413],
       [ 5784.38832476, 10375.19697618],
       [ 5771.46193226, 10349.82750247],
       [ 5760.15400948, 10323.69643472],
       [ 5750.50918363, 10296.90690032],
       [ 5742.56551841, 10269.56462531],
       [ 5736.35436386, 10241.77751718],
       [ 5731.90023256, 10213.65523893],
       [ 5729.22070293, 10185.30877636],
       [ 5728.32634986, 10156.85      ],
       [ 5729.22070293, 10128.39122364],
       [ 5731.90023256, 10100.04476107],
       [ 5736.35436386, 10071.92248282],
       [ 5742.56551841, 10044.13537469],
       [ 5750.50918363, 10016.79309968],
       [ 5760.15400948,  9990.00356528],
       [ 5771.46193226,  9963.87249753],
       [ 5784.38832476,  9938.50302382],
       [ 5798.88217241,  9913.99526587],
       [ 5814.88627461,  9890.4459446 ],
       [ 5832.33747049,  9867.94799844],
       [ 5851.16688815,  9846.59021648],
       [ 5871.30021648,  9826.45688815],
       [ 5892.65799844,  9807.62747049],
       [ 5915.1559446 ,  9790.17627461],
       [ 5938.70526587,  9774.17217241],
       [ 5963.21302382,  9759.67832476],
       [ 5988.58249753,  9746.75193226],
       [ 6014.71356528,  9735.44400948],
       [ 6041.50309968,  9725.79918363],
       [ 6068.84537469,  9717.85551841],
       [ 6096.63248282,  9711.64436386],
       [ 6124.75476107,  9707.19023256],
       [ 6153.10122364,  9704.51070293],
       [ 6181.56      ,  9703.61634986],
       [ 6210.01877636,  9704.51070293],
       [ 6238.36523893,  9707.19023256],
       [ 6266.48751718,  9711.64436386],
       [ 6294.27462531,  9717.85551841],
       [ 6321.61690032,  9725.79918363],
       [ 6348.40643472,  9735.44400948],
       [ 6374.53750247,  9746.75193226],
       [ 6399.90697618,  9759.67832476],
       [ 6424.41473413,  9774.17217241],
       [ 6447.9640554 ,  9790.17627461],
       [ 6470.46200156,  9807.62747049],
       [ 6491.81978352,  9826.45688815],
       [ 6511.95311185,  9846.59021648],
       [ 6530.78252951,  9867.94799844],
       [ 6548.23372539,  9890.4459446 ],
       [ 6564.23782759,  9913.99526587],
       [ 6578.73167524,  9938.50302382],
       [ 6591.65806774,  9963.87249753],
       [ 6602.96599052,  9990.00356528],
       [ 6612.61081637, 10016.79309968],
       [ 6620.55448159, 10044.13537469],
       [ 6626.76563614, 10071.92248282],
       [ 6631.21976744, 10100.04476107],
       [ 6633.89929707, 10128.39122364]])]