[array([[32454.89603166, 31441.04394429],
       [32480.38398793, 31477.45531038],
       [32542.28331029, 31484.7375836 ],
       [32585.9769496 , 31484.7375836 ],
       [32640.59399875, 31470.17303716],
       [32713.41673093, 31462.89076394],
       [32717.05786754, 31510.22553987],
       [32651.51740857, 31539.35463274],
       [32615.10604248, 31561.2014524 ],
       [32564.13012995, 31586.68940867],
       [32531.35990046, 31612.17736493],
       [32462.17830488, 31663.15327746],
       [32429.4080754 , 31685.00009712],
       [32378.43216287, 31728.69373643],
       [32342.02079677, 31757.82282931],
       [32291.04488424, 31794.2341954 ],
       [32240.06897171, 31812.43987845],
       [32185.45192256, 31852.49238115],
       [32163.60510291, 31914.39170352],
       [32145.39941986, 31958.08534283],
       [32105.34691716, 32019.98466519],
       [32083.5000975 , 32063.6783045 ],
       [32090.78237072, 32125.57762686],
       [32127.19373681, 32161.98899296],
       [32181.81078596, 32158.34785635],
       [32225.50442527, 32132.85990008],
       [32261.91579136, 32114.65421703],
       [32320.17397711, 32089.16626077],
       [32371.14988965, 32045.47262146],
       [32396.63784591, 31987.2144357 ],
       [32425.76693879, 31950.80306961],
       [32484.02512454, 31885.26261064],
       [32524.07762724, 31845.21010794],
       [32560.48899334, 31827.00442489],
       [32596.90035943, 31837.92783472],
       [32640.59399875, 31863.41579098],
       [32702.49332111, 31859.77465437],
       [32789.88059973, 31867.05692759],
       [32797.16287295, 31950.80306961],
       [32778.9571899 , 32027.26693841],
       [32764.39264347, 32063.6783045 ],
       [32753.46923364, 32100.0896706 ],
       [32746.18696042, 32158.34785635],
       [32702.49332111, 32238.45286176],
       [32669.72309162, 32285.78763768],
       [32655.15854518, 32336.76355021],
       [32633.31172553, 32369.5337797 ],
       [32582.33581299, 32464.20333154],
       [32575.05353978, 32529.74379051],
       [32578.69467638, 32588.00197626],
       [32618.74717909, 32631.69561558],
       [32658.79968179, 32646.26016201],
       [32713.41673093, 32671.74811828],
       [32757.11037025, 32708.15948437],
       [32771.67491669, 32748.21198708],
       [32833.57423905, 32802.82903622],
       [32873.62674175, 32817.39358266],
       [32913.67924445, 32821.03471927],
       [32928.24379089, 32875.65176841],
       [32924.60265428, 32915.70427111],
       [32899.11469802, 32970.32132025],
       [32840.85651226, 33079.55541854],
       [32808.08628278, 33126.89019446],
       [32749.82809703, 33156.01928734],
       [32666.08195501, 33130.53133107],
       [32622.3883157 , 33119.60792124],
       [32567.77126656, 33115.96678463],
       [32516.79535402, 33105.0433748 ],
       [32440.33148523, 33057.70859888],
       [32363.86761643, 32999.45041313],
       [32309.25056729, 32963.03904704],
       [32276.4803378 , 32915.70427111],
       [32247.35124493, 32868.36949519],
       [32159.9639663 , 32806.47017283],
       [32087.14123411, 32766.41767013],
       [32003.39509209, 32711.80062098],
       [31934.21349651, 32657.18357184],
       [31865.03190093, 32620.77220575],
       [31792.20916874, 32573.43742983],
       [31690.25734368, 32515.17924407],
       [31617.43461149, 32478.76787798],
       [31551.89415252, 32442.35651189],
       [31497.27710338, 32340.40468682],
       [31486.35369355, 32293.0699109 ],
       [31453.58346407, 32194.75922244],
       [31391.68414171, 32114.65421703],
       [31267.88549698, 32045.47262146],
       [31198.7039014 , 32019.98466519],
       [31100.39321295, 31987.2144357 ],
       [31042.1350272 , 31961.72647944],
       [30958.38888518, 31936.23852317],
       [30863.71933334, 31914.39170352],
       [30747.20296183, 31877.98033742],
       [30699.86818591, 31867.05692759],
       [30648.89227338, 31848.85124455],
       [30601.55749746, 31837.92783472],
       [30536.01703849, 31812.43987845],
       [30499.60567239, 31776.02851236],
       [30470.47657952, 31739.61714626],
       [30437.70635003, 31703.20578017],
       [30441.34748664, 31637.6653212 ],
       [30455.91203308, 31601.2539551 ],
       [30503.246809  , 31539.35463274],
       [30543.2993117 , 31481.09644699],
       [30572.42840458, 31441.04394429],
       [30627.04545372, 31371.86234871],
       [30685.30363947, 31339.09211922],
       [30732.6384154 , 31364.58007549],
       [30743.56182522, 31411.91485141],
       [30772.6909181 , 31448.32621751],
       [30809.10228419, 31451.96735412],
       [30856.43706012, 31441.04394429],
       [30863.71933334, 31393.70916836],
       [30878.28387977, 31350.01552905],
       [30889.2072896 , 31299.03961652],
       [30918.33638248, 31255.34597721],
       [30962.03002179, 31255.34597721],
       [30980.23570484, 31291.7573433 ],
       [31009.36479771, 31339.09211922],
       [31038.49389059, 31379.14462193],
       [31082.1875299 , 31415.55598802],
       [31140.44571565, 31419.19712463],
       [31187.78049158, 31408.2737148 ],
       [31224.19185767, 31360.93893888],
       [31260.60322377, 31309.96302635],
       [31289.73231664, 31258.98711382],
       [31333.42595595, 31157.03528875],
       [31337.06709256, 31116.98278605],
       [31337.06709256, 31066.00687351],
       [31333.42595595, 30985.90186811],
       [31347.99050239, 30924.00254575],
       [31384.40186849, 30883.95004304],
       [31417.17209797, 30843.89754034],
       [31460.86573728, 30814.76844746],
       [31500.91823999, 30818.40958407],
       [31533.68846947, 30836.61526712],
       [31635.64029454, 30854.82095017],
       [31701.18075351, 30891.23231626],
       [31733.95098299, 30938.56709218],
       [31755.79780265, 30982.2607315 ],
       [31752.15666604, 31047.80119047],
       [31774.0034857 , 31113.34164944],
       [31806.77371518, 31135.18846909],
       [31843.18508128, 31127.90619588],
       [31901.44326703, 31102.41823961],
       [31945.13690634, 31073.28914673],
       [31999.75395548, 31015.03096098],
       [32028.88304836, 30985.90186811],
       [32068.93555106, 30964.05504845],
       [32105.34691716, 30960.41391184],
       [32141.75828325, 30953.13163862],
       [32203.65760561, 30967.69618506],
       [32283.76261102, 31004.10755115],
       [32338.37966016, 31069.64801012],
       [32374.79102626, 31095.13596639],
       [32407.56125574, 31142.47074231],
       [32411.20239235, 31182.52324502],
       [32396.63784591, 31240.78143077],
       [32331.09738694, 31280.83393347],
       [32323.81511372, 31317.24529957],
       [32320.17397711, 31368.2212121 ],
       [32320.17397711, 31408.2737148 ],
       [32334.73852355, 31448.32621751],
       [32363.86761643, 31473.81417377],
       [32411.20239235, 31448.32621751]]), array([[31355.26120431, 31066.43232666],
       [31283.44192473, 31052.96621174],
       [31243.04357997, 31021.54527692],
       [31207.13394018, 30958.70340729],
       [31175.71300536, 30922.7937675 ],
       [31117.35984071, 30927.28247248],
       [31063.49538102, 30949.72599735],
       [31018.60833129, 30958.70340729],
       [30951.27775668, 30931.77117745],
       [30883.94718208, 30913.81635756],
       [30834.57142737, 30913.81635756],
       [30794.1730826 , 30940.7485874 ],
       [30740.30862292, 30994.61304708],
       [30731.33121297, 31070.92103163],
       [30717.86509805, 31151.71772116],
       [30717.86509805, 31295.35628032],
       [30690.93286821, 31340.24333005],
       [30605.64747371, 31434.5061345 ],
       [30574.2265389 , 31488.37059418],
       [30511.38466926, 31569.16728371],
       [30470.9863245 , 31591.61080858],
       [30408.14445487, 31591.61080858],
       [30381.21222503, 31528.76893895],
       [30286.94942058, 31438.99483947],
       [30219.61884598, 31371.66426487],
       [30165.75438629, 31272.91275545],
       [30125.35604153, 31187.62736095],
       [30102.91251666, 31147.22901619],
       [30071.49158185, 31111.3193764 ],
       [30013.13841719, 31070.92103163],
       [29968.25136745, 31012.56786698],
       [29860.52244809, 30810.57614316],
       [29838.07892322, 30752.22297851],
       [29788.70316851, 30711.82463374],
       [29703.41777401, 30653.47146908],
       [29658.53072427, 30626.53923924],
       [29609.15496956, 30595.11830443],
       [29555.29050988, 30563.69736961],
       [29478.98252532, 30523.29902485],
       [29425.11806564, 30473.92327014],
       [29402.67454077, 30420.05881045],
       [29411.65195072, 30316.81859606],
       [29461.02770543, 30240.51061151],
       [29496.93734522, 30182.15744685],
       [29568.7566248 , 30114.82687225],
       [29622.62108448, 30078.91723246],
       [29730.35000385, 30047.49629764],
       [29779.72575856, 30047.49629764],
       [29838.07892322, 30065.45111754],
       [30031.09323708, 30065.45111754],
       [30102.91251666, 30060.96241256],
       [30156.77697635, 30043.00759267],
       [30206.15273106, 30025.05277277],
       [30255.52848577, 30016.07536283],
       [30336.32517529, 30007.09795288],
       [30399.16704492, 30011.58665785],
       [30448.54279963, 30029.54147775],
       [30497.91855434, 30087.8946424 ],
       [30529.33948916, 30146.24780706],
       [30542.80560408, 30191.1348568 ],
       [30529.33948916, 30240.51061151],
       [30457.52020958, 30303.35248114],
       [30399.16704492, 30352.72823585],
       [30354.27999519, 30379.66046569],
       [30309.39294545, 30424.54751543],
       [30246.55107582, 30451.47974527],
       [30197.17532111, 30487.38938506],
       [30147.7995664 , 30545.74254972],
       [30111.88992661, 30586.14089448],
       [30138.82215645, 30648.98276411],
       [30192.68661614, 30662.44887903],
       [30246.55107582, 30640.00535416],
       [30286.94942058, 30604.09571437],
       [30286.94942058, 30550.23125469],
       [30295.92683053, 30482.90068009],
       [30304.90424048, 30433.52492538],
       [30340.81388027, 30379.66046569],
       [30399.16704492, 30334.77341596],
       [30439.56538969, 30312.32989109],
       [30484.45243942, 30289.88636622],
       [30529.33948916, 30271.93154632],
       [30587.69265382, 30285.39766125],
       [30641.5571135 , 30325.79600601],
       [30664.00063837, 30384.14917067],
       [30699.91027816, 30438.01363035],
       [30758.26344282, 30478.41197511],
       [30812.1279025 , 30509.83290993],
       [30888.43588705, 30523.29902485],
       [30955.76646166, 30545.74254972],
       [31000.65351139, 30568.18607459],
       [31072.47279097, 30572.67477956],
       [31157.75818547, 30599.6070094 ],
       [31229.57746505, 30640.00535416],
       [31283.44192473, 30675.91499395],
       [31355.26120431, 30720.80204369],
       [31431.56918886, 30806.08743819],
       [31471.96753363, 30868.92930782]]), array([[29722.08610807, 30050.28621457],
       [29703.88042502, 29981.10461899],
       [29696.59815181, 29937.41097967],
       [29689.31587859, 29860.94711088],
       [29682.03360537, 29824.53574478],
       [29685.67474198, 29777.20096886],
       [29696.59815181, 29715.3016465 ],
       [29725.72724468, 29627.91436787],
       [29751.21520095, 29580.57959195],
       [29791.26770365, 29551.45049907],
       [29864.09043584, 29518.68026959],
       [29929.63089481, 29434.93412757],
       [29976.96567073, 29409.44617131],
       [30024.30044666, 29380.31707843],
       [30093.48204224, 29351.18798555],
       [30151.74022799, 29347.54684894],
       [30184.51045747, 29322.05889268],
       [30195.4338673 , 29278.36525337],
       [30169.94591103, 29234.67161405],
       [30133.53454494, 29245.59502388],
       [30067.99408597, 29223.74820422],
       [30027.94158327, 29201.90138457],
       [30017.01817344, 29136.3609256 ],
       [29991.53021717, 29092.66728628],
       [29955.11885108, 29099.9495595 ],
       [29918.70748498, 29161.84888186],
       [29875.01384567, 29227.38934083],
       [29813.11452331, 29282.00638997],
       [29754.85633756, 29325.70002929],
       [29685.67474198, 29380.31707843],
       [29638.33996605, 29413.08730791],
       [29580.0817803 , 29438.57526418],
       [29518.18245794, 29474.98663028],
       [29467.20654541, 29511.39799637],
       [29416.23063288, 29511.39799637],
       [29365.25472035, 29500.47458654],
       [29317.91994442, 29518.68026959],
       [29281.50857833, 29569.65618212],
       [29234.17380241, 29576.93845534],
       [29186.83902648, 29533.24481603],
       [29154.068797  , 29467.70435706],
       [29146.78652378, 29420.36958113],
       [29146.78652378, 29285.64752658],
       [29139.50425056, 29231.03047744],
       [29117.6574309 , 29183.69570152],
       [29106.73402108, 29132.71978899],
       [29088.52833803, 29089.02614967],
       [29077.6049282 , 29045.33251036],
       [29066.68151837, 28932.45727547],
       [29048.47583532, 28899.68704598],
       [29008.42333262, 28899.68704598],
       [28975.65310314, 28921.53386564],
       [28968.37082992, 28961.58636834],
       [28975.65310314, 29048.97364697],
       [28972.01196653, 29099.9495595 ],
       [28972.01196653, 29143.64319882],
       [28964.72969331, 29198.26024796],
       [28950.16514687, 29249.23616049],
       [28921.03605399, 29278.36525337],
       [28870.06014146, 29271.08298015],
       [28837.28991198, 29216.465931  ],
       [28837.28991198, 29099.9495595 ],
       [28782.67286283, 29070.82046663],
       [28782.67286283, 29114.51410594],
       [28800.87854588, 29180.05456491],
       [28786.31399944, 29223.74820422],
       [28728.05581369, 29194.61911135],
       [28706.20899404, 29161.84888186],
       [28698.92672082, 29114.51410594],
       [28644.30967168, 29089.02614967],
       [28607.89830558, 29161.84888186],
       [28604.25716897, 29238.31275066],
       [28611.53944219, 29332.98230251],
       [28611.53944219, 29398.52276148],
       [28644.30967168, 29493.19231332],
       [28698.92672082, 29569.65618212],
       [28757.18490657, 29660.68459736],
       [28844.5721852 , 29806.33006173],
       [28910.11264417, 29893.71734036],
       [28972.01196653, 29944.69325289],
       [29041.19356211, 30039.36280474],
       [29092.16947464, 30093.97985388],
       [29164.99220683, 30166.80258607],
       [29237.81493902, 30246.90759148],
       [29277.86744172, 30301.52464062],
       [29328.84335425, 30348.85941654],
       [29390.74267661, 30370.7062362 ],
       [29474.48881863, 30385.27078264],
       [29510.90018472, 30381.62964603],
       [29587.36405352, 30312.44805045]]), array([[29689.31587859, 29951.97552611],
       [29740.29179112, 29977.46348238],
       [29754.85633756, 30017.51598508],
       [29798.54997687, 30050.28621457],
       [29849.5258894 , 30050.28621457],
       [29896.86066533, 30032.08053152],
       [29969.68339751, 30024.7982583 ],
       [30017.01817344, 29995.66916543],
       [30057.07067614, 30002.95143864],
       [30115.32886189, 30017.51598508],
       [30159.02250121, 30035.72166813],
       [30206.35727713, 30013.87484847],
       [30246.40977983, 29999.31030204],
       [30344.72046829, 29981.10461899],
       [30424.82547369, 29973.82234577],
       [30472.16024962, 29981.10461899],
       [30501.28934249, 30021.15712169],
       [30523.13616215, 30053.92735118],
       [30548.62411842, 30115.82667354],
       [30566.82980146, 30152.23803963],
       [30585.03548451, 30210.49622538],
       [30610.52344078, 30261.47213792],
       [30632.37026043, 30294.2423674 ],
       [30686.98730957, 30348.85941654],
       [30737.96322211, 30385.27078264],
       [30788.93913464, 30443.52896839],
       [30799.86254447, 30490.86374431],
       [30745.24549533, 30509.06942736],
       [30701.55185601, 30509.06942736],
       [30617.805714  , 30494.50488092],
       [30541.3418452 , 30490.86374431],
       [30457.59570318, 30490.86374431],
       [30421.18433709, 30479.94033448],
       [30362.92615133, 30472.65806126],
       [30315.59137541, 30458.09351483],
       [30279.18000932, 30403.47646568],
       [30217.28068696, 30341.57714332],
       [30104.40545206, 30268.75441113],
       [29976.96567073, 30239.62531826],
       [29831.32020636, 30217.7784986 ],
       [29707.52156163, 30185.00826912]]), array([[29044.83469871, 28954.30409512],
       [29066.68151837, 28921.53386564],
       [29066.68151837, 28881.48136294],
       [29063.04038176, 28841.42886023],
       [29048.47583532, 28805.01749414],
       [29044.83469871, 28768.60612804],
       [29037.5524255 , 28732.19476195],
       [29030.27015228, 28684.85998603],
       [29008.42333262, 28652.08975654],
       [29004.78219601, 28615.67839045],
       [29004.78219601, 28298.89950542],
       [28961.0885567 , 28287.9760956 ],
       [28924.6771906 , 28277.05268577],
       [28884.6246879 , 28258.84700272],
       [28837.28991198, 28244.28245628],
       [28793.59627266, 28244.28245628],
       [28749.90263335, 28258.84700272],
       [28713.49126726, 28284.33495899],
       [28677.07990116, 28298.89950542],
       [28633.38626185, 28324.38746169],
       [28589.69262253, 28368.081101  ],
       [28502.30534391, 28429.98042336],
       [28465.89397781, 28459.10951624],
       [28414.91806528, 28488.23860912],
       [28378.50669919, 28506.44429216],
       [28334.81305987, 28459.10951624],
       [28298.40169378, 28437.26269658],
       [28254.70805447, 28484.59747251],
       [28240.14350803, 28531.93224843],
       [28203.73214193, 28601.11384401],
       [28167.32077584, 28681.21884942],
       [28156.39736601, 28746.75930839],
       [28152.7562294 , 28805.01749414],
       [28163.67963923, 28859.63454328],
       [28178.24418567, 28899.68704598],
       [28254.70805447, 28976.15091478],
       [28291.11942056, 29008.92114427],
       [28349.37760631, 29063.53819341],
       [28374.86556258, 29099.9495595 ],
       [28407.63579206, 29136.3609256 ],
       [28458.61170459, 29172.77229169],
       [28509.58761713, 29220.10706761],
       [28545.99898322, 29263.80070693],
       [28545.99898322, 29332.98230251],
       [28586.05148592, 29373.03480521],
       [28651.59194489, 29282.00638997],
       [28655.2330815 , 29216.465931  ],
       [28655.2330815 , 29099.9495595 ],
       [28662.51535472, 29059.8970568 ],
       [28666.15649133, 29023.4856907 ],
       [28688.00331099, 28990.71546122],
       [28728.05581369, 28997.99773444],
       [28753.54376996, 29041.69137375],
       [28764.46717979, 29078.10273985],
       [28800.87854588, 29089.02614967],
       [28811.80195571, 29041.69137375],
       [28808.1608191 , 28994.35659783],
       [28808.1608191 , 28896.04590937],
       [28837.28991198, 28863.27567989],
       [28873.70127807, 28845.06999684],
       [28928.31832721, 28848.71113345],
       [28961.0885567 , 28877.84022633],
       [28982.93537635, 28917.89272903],
       [29008.42333262, 28954.30409512]]), array([[32875.31041185, 32813.90890114],
       [32926.28632438, 32810.26776453],
       [32926.28632438, 32726.52162251],
       [32940.85087082, 32671.90457337],
       [32999.10905657, 32653.69889032],
       [33050.08496911, 32686.46911981],
       [33086.4963352 , 32708.31593946],
       [33126.5488379 , 32679.18684659],
       [33155.67793078, 32635.49320727],
       [33213.93611653, 32577.23502152],
       [33253.98861923, 32482.56546968],
       [33268.55316567, 32409.74273749],
       [33290.39998533, 32376.972508  ],
       [33323.17021481, 32355.12568835],
       [33370.50499074, 32340.56114191],
       [33410.55749344, 32322.35545886],
       [33465.17454258, 32340.56114191],
       [33501.58590868, 32384.25478122],
       [33501.58590868, 32438.87183036],
       [33465.17454258, 32504.41228933],
       [33439.68658632, 32533.54138221],
       [33388.71067378, 32577.23502152],
       [33355.9404443 , 32653.69889032],
       [33330.45248803, 32693.75139303],
       [33297.68225855, 32755.65071539],
       [33279.4765755 , 32813.90890114],
       [33275.83543889, 32864.88481367],
       [33275.83543889, 32912.21958959],
       [33283.11771211, 32955.91322891],
       [33319.5290782 , 32992.324595  ],
       [33359.58158091, 32970.47777534],
       [33388.71067378, 32930.42527264],
       [33428.76317649, 32890.37276994],
       [33439.68658632, 32853.96140384],
       [33465.17454258, 32817.55003775],
       [33490.66249885, 32788.42094487],
       [33523.43272833, 32770.21526182],
       [33556.20295782, 32733.80389573],
       [33599.89659713, 32693.75139303],
       [33625.3845534 , 32642.77548049],
       [33639.94909984, 32602.72297779],
       [33687.28387576, 32566.31161169],
       [33738.25978829, 32595.44070457],
       [33785.59456421, 32660.98116354],
       [33789.23570082, 32759.291852  ],
       [33789.23570082, 32872.16708689],
       [33796.51797404, 33137.97005938],
       [33796.51797404, 33236.28074783],
       [33792.87683743, 33294.53893358],
       [33778.31229099, 33338.2325729 ],
       [33745.54206151, 33374.64393899],
       [33705.48955881, 33374.64393899],
       [33629.02569001, 33371.00280238],
       [33494.30363546, 33371.00280238],
       [33290.39998533, 33360.07939255],
       [33159.31906739, 33338.2325729 ],
       [33071.93178876, 33330.95029968],
       [32991.82678335, 33316.38575324],
       [32919.00405117, 33290.89779697],
       [32813.41108949, 33236.28074783],
       [32747.87063052, 33192.58710852],
       [32707.81812782, 33178.02256208],
       [32638.63653224, 33116.12323972],
       [32594.94289292, 33086.99414685]])]