[array([[23909.15669588, 35136.29446617],
       [23853.03814747, 35133.34085836],
       [23820.54846155, 35124.48003493],
       [23773.29073658, 35100.85117244],
       [23746.70826628, 35080.17591776],
       [23711.26497255, 35065.40787871],
       [23684.68250225, 35050.63983965],
       [23655.14642414, 35035.8718006 ],
       [23601.98148355, 35006.33572249],
       [23560.63097419, 34976.79964438],
       [23516.32685703, 34941.35635065],
       [23483.83717111, 34911.82027254],
       [23424.76501489, 34870.46976319],
       [23392.27532897, 34843.88729289],
       [23356.83203524, 34823.21203821],
       [23294.80627121, 34799.58317573],
       [23250.50215404, 34784.81513667],
       [23218.01246812, 34781.86152886],
       [23161.89391972, 34761.18627418],
       [23093.96094007, 34728.69658826],
       [23058.51764633, 34708.02133359],
       [22966.9558042 , 34675.53164767],
       [22887.2083933 , 34643.04196175],
       [22854.71870738, 34625.32031488],
       [22816.32180584, 34601.69145239],
       [22745.43521838, 34566.24815866],
       [22718.85274808, 34551.48011961],
       [22556.40431848, 34477.63992433],
       [22523.91463256, 34459.91827747],
       [22473.70329977, 34445.15023841],
       [22429.39918261, 34424.47498374],
       [22388.04867325, 34403.79972906],
       [22328.97651703, 34356.54200409],
       [22284.67239987, 34324.05231817],
       [22222.64663584, 34303.37706349],
       [22187.20334211, 34300.42345568],
       [22151.76004838, 34300.42345568],
       [22030.66212813, 34403.79972906],
       [22009.98687345, 34427.42859155],
       [21968.6363641 , 34498.31517901],
       [21962.72914848, 34539.66568836],
       [21956.82193286, 34569.20176647],
       [21945.00750161, 34645.99556956],
       [21927.28585475, 34696.20690234],
       [21927.28585475, 34737.5574117 ],
       [21939.10028599, 34775.95431324],
       [21965.68275629, 34837.98007727],
       [21983.40440316, 34870.46976319],
       [22007.03326564, 34908.86666473],
       [22042.47655937, 34938.40274284],
       [22080.87346092, 34953.17078189],
       [22119.27036246, 34976.79964438],
       [22148.80644057, 35006.33572249],
       [22175.38891087, 35027.01097717],
       [22193.11055773, 35053.59344747],
       [22216.73942022, 35083.12952558],
       [22131.0847937 , 35094.94395682],
       [22051.33738281, 35124.48003493],
       [22024.75491251, 35148.10889742],
       [21995.2188344 , 35204.22744582],
       [21980.45079534, 35236.71713174],
       [21980.45079534, 35289.88207234],
       [22012.94048126, 35334.1861895 ],
       [22042.47655937, 35346.00062075],
       [22077.9198531 , 35348.95422856],
       [22131.0847937 , 35340.09340513],
       [22166.52808743, 35325.32536607],
       [22210.8322046 , 35322.37175826],
       [22246.27549833, 35331.23258169],
       [22258.08992957, 35369.62948324],
       [22269.90436082, 35399.16556134],
       [22290.57961549, 35425.74803164],
       [22343.74455609, 35478.91297224],
       [22396.90949669, 35505.49544254],
       [22423.49196698, 35520.26348159],
       [22464.84247634, 35537.98512846],
       [22547.54349504, 35608.87171592],
       [22600.70843564, 35620.68614716],
       [22674.54863091, 35594.10367687],
       [22701.13110121, 35552.75316751],
       [22718.85274808, 35520.26348159],
       [22739.52800275, 35484.82018786],
       [22795.64655116, 35467.098541  ],
       [22828.13623708, 35467.098541  ],
       [22866.53313862, 35493.68101129],
       [22907.88364798, 35499.58822692],
       [22966.9558042 , 35505.49544254],
       [23008.30631355, 35511.40265816],
       [23043.74960728, 35514.35626597],
       [23093.96094007, 35517.30987378],
       [23123.49701817, 35543.89234408],
       [23182.56917439, 35558.66038313],
       [23212.1052525 , 35573.42842219],
       [23259.36297748, 35582.28924562],
       [23297.75987902, 35594.10367687],
       [23336.15678056, 35602.9645003 ],
       [23383.41450554, 35617.73253935],
       [23389.32172116, 35647.26861746],
       [23356.83203524, 35656.1294409 ],
       [23238.6877228 , 35656.1294409 ],
       [23203.24442907, 35653.17583308],
       [23167.80113534, 35623.63975498],
       [23120.54341036, 35605.91810811],
       [23067.37846977, 35594.10367687],
       [23023.0743526 , 35594.10367687],
       [22981.72384325, 35576.38203   ],
       [22958.09498076, 35552.75316751],
       [22913.7908636 , 35537.98512846],
       [22863.57953081, 35532.07791284],
       [22834.0434527 , 35526.17069721],
       [22786.78572773, 35526.17069721],
       [22748.38882619, 35529.12430503],
       [22698.1774934 , 35555.70677532],
       [22668.64141529, 35579.33563781],
       [22645.0125528 , 35600.01089249],
       [22647.96616061, 35635.45418622],
       [22665.68780748, 35667.94387214],
       [22686.36306216, 35700.43355806],
       [22709.99192464, 35727.01602836],
       [22736.57439494, 35774.27375333],
       [22798.60015897, 35839.25312517],
       [22842.90427614, 35865.83559547],
       [22869.48674643, 35880.60363453],
       [22907.88364798, 35904.23249701],
       [22946.28054952, 35924.90775169],
       [22999.44549012, 35933.76857512],
       [23055.56403852, 35933.76857512],
       [23117.58980255, 35904.23249701],
       [23150.07948847, 35880.60363453],
       [23185.5227822 , 35868.78920328],
       [23226.87329156, 35862.88198766],
       [23262.31658529, 35859.92837985],
       [23303.66709464, 35859.92837985],
       [23347.97121181, 35854.02116423],
       [23389.32172116, 35845.1603408 ],
       [23424.76501489, 35851.06755642],
       [23451.34748519, 35880.60363453],
       [23504.51242578, 35907.18610482],
       [23545.86293514, 35924.90775169],
       [23637.42477728, 35924.90775169],
       [23705.35775693, 35921.95414388],
       [23734.89383504, 35924.90775169],
       [23814.64124593, 35921.95414388],
       [23870.75979434, 35921.95414388],
       [23897.34226464, 35907.18610482],
       [23929.83195056, 35859.92837985],
       [23956.41442086, 35812.67065487],
       [23950.50720523, 35697.47995025],
       [23956.41442086, 35623.63975498],
       [23968.2288521 , 35591.15006906],
       [24006.62575364, 35537.98512846],
       [24047.976263  , 35490.72740348],
       [24071.60512548, 35467.098541  ],
       [24092.28038016, 35434.60885508],
       [24136.58449732, 35360.7686598 ],
       [24151.35253638, 35319.41815045],
       [24160.21335981, 35283.97485672],
       [24148.39892857, 35218.99548488],
       [24148.39892857, 35183.55219115],
       [24110.00202703, 35171.7377599 ],
       [24050.92987081, 35156.96972085],
       [24018.44018489, 35156.96972085],
       [23980.04328334, 35159.92332866],
       [23944.59998961, 35260.34599423],
       [23909.15669588, 35351.90783637],
       [23888.48144121, 35396.21195353],
       [23876.66700996, 35437.56246289],
       [23870.75979434, 35481.86658005],
       [23861.89897091, 35511.40265816],
       [23844.17732404, 35552.75316751],
       [23755.56908971, 35558.66038313],
       [23720.12579598, 35514.35626597],
       [23711.26497255, 35473.00575662],
       [23726.0330116 , 35422.79442383],
       [23767.38352096, 35399.16556134],
       [23796.91959907, 35396.21195353],
       [23826.45567718, 35399.16556134],
       [23855.99175529, 35410.97999259],
       [23903.24948026, 35351.90783637],
       [23929.83195056, 35275.11403329],
       [23947.55359742, 35207.18105363],
       [23959.36802867, 35177.64497552],
       [23956.41442086, 35139.24807398]]), array([[23932.78555837, 35939.67579074],
       [23906.20308807, 35916.04692826],
       [23873.71340215, 35904.23249701],
       [23817.59485374, 35913.09332045],
       [23640.37838509, 35913.09332045],
       [23610.84230698, 35910.13971264],
       [23534.04850389, 35919.00053607],
       [23498.60521016, 35945.58300637],
       [23454.301093  , 36046.00567194],
       [23424.76501489, 36090.3097891 ],
       [23386.36811335, 36131.66029846],
       [23318.4351337 , 36149.38194532],
       [23265.2701931 , 36149.38194532],
       [23244.59493842, 36125.75308283],
       [23215.05886031, 36087.35618129],
       [23188.47639001, 36060.77371099],
       [23164.84752753, 36034.19124069],
       [23155.98670409, 35998.74794696],
       [23150.07948847, 35966.25826104],
       [23111.68258693, 35927.8613595 ],
       [23058.51764633, 35913.09332045],
       [23023.0743526 , 35910.13971264],
       [22990.58466668, 35901.2788892 ],
       [22943.32694171, 35886.51085015],
       [22901.97643235, 35868.78920328],
       [22845.85788395, 35836.29951736],
       [22813.36819803, 35806.76343925],
       [22772.01768867, 35774.27375333],
       [22736.57439494, 35732.92324398],
       [22698.1774934 , 35700.43355806],
       [22647.96616061, 35667.94387214],
       [22621.38369032, 35638.40779403],
       [22582.98678877, 35617.73253935],
       [22532.77545599, 35614.77893154],
       [22441.21361385, 35614.77893154],
       [22391.00228106, 35611.82532373],
       [22364.41981077, 35588.19646124],
       [22337.83734047, 35561.61399095],
       [22302.39404674, 35499.58822692],
       [22263.99714519, 35458.23771756],
       [22210.8322046 , 35428.70163945],
       [22169.48169524, 35422.79442383],
       [22113.36314684, 35425.74803164],
       [22048.383775  , 35458.23771756],
       [22012.94048126, 35493.68101129],
       [22007.03326564, 35540.93873627],
       [22007.03326564, 35597.05728468],
       [22125.17757808, 35762.45932209],
       [22175.38891087, 35809.71704706],
       [22213.78581241, 35836.29951736],
       [22234.46106708, 35862.88198766],
       [22240.36828271, 35895.37167358],
       [22243.32189052, 35972.16547667],
       [22258.08992957, 36016.46959383],
       [22290.57961549, 36051.91288756],
       [22299.44043892, 36093.26339691],
       [22299.44043892, 36128.70669064],
       [22222.64663584, 36146.42833751],
       [22216.73942022, 36199.59327811],
       [22246.27549833, 36267.52625776],
       [22290.57961549, 36314.78398273],
       [22355.55898733, 36353.18088428],
       [22405.77032012, 36385.6705702 ],
       [22464.84247634, 36400.43860925],
       [22523.91463256, 36424.06747174],
       [22606.61565126, 36450.64994204],
       [22647.96616061, 36465.41798109],
       [22707.03831683, 36489.04684358],
       [22786.78572773, 36500.86127482],
       [22878.34756987, 36486.09323577],
       [22916.74447141, 36441.7891186 ],
       [22931.51251046, 36373.85613895],
       [22946.28054952, 36332.5056296 ],
       [22981.72384325, 36314.78398273],
       [23031.93517604, 36302.96955149],
       [23061.47125414, 36370.90253114],
       [23070.33207758, 36415.2066483 ],
       [23117.58980255, 36462.46437328],
       [23150.07948847, 36483.13962796],
       [23206.19803688, 36500.86127482],
       [23330.24956494, 36554.02621542],
       [23401.1361524 , 36559.93343104],
       [23454.301093  , 36562.88703885],
       [23516.32685703, 36577.65507791],
       [23622.65673822, 36586.51590134],
       [23764.42991315, 36583.56229353],
       [23832.3628928 , 36556.97982323],
       [23879.62061777, 36530.39735293],
       [23953.46081305, 36509.72209825],
       [23997.76493021, 36486.09323577],
       [24000.71853802, 36450.64994204],
       [24000.71853802, 36382.71696238],
       [24009.57936145, 36300.01594368]])]