[array([[30602.96025956, 30153.9679351 ],
       [30632.08935243, 30255.91976017],
       [30683.06526497, 30299.61339948],
       [30719.47663106, 30339.66590218],
       [30755.88799715, 30372.43613167],
       [30792.29936325, 30397.92408793],
       [30825.06959273, 30430.69431742],
       [30890.6100517 , 30459.82341029],
       [30941.58596424, 30488.95250317],
       [30999.84414999, 30518.08159605],
       [31065.38460896, 30539.9284157 ],
       [31112.71938488, 30554.49296214],
       [31152.77188758, 30572.69864519],
       [31207.38893673, 30609.11001128],
       [31291.13507874, 30638.23910416],
       [31353.0344011 , 30671.00933364],
       [31444.06281634, 30740.19092922],
       [31502.32100209, 30791.16684175],
       [31567.86146106, 30809.3725248 ],
       [31600.63169055, 30831.21934446],
       [31658.8898763 , 30831.21934446],
       [31709.86578883, 30845.7838909 ],
       [31731.71260849, 30878.55412038],
       [31753.55942814, 30929.53003291],
       [31775.4062478 , 30965.94139901],
       [31793.61193085, 30998.71162849],
       [31811.81761389, 31064.25208746],
       [31873.71693625, 31067.89322407],
       [31950.18080505, 31035.12299459],
       [31982.95103454, 30969.58253562],
       [32037.56808368, 30922.24775969],
       [32095.82626943, 30885.8363936 ],
       [32121.3142257 , 30721.98524618],
       [32132.23763552, 30525.36386926],
       [32139.51990874, 30376.07726828],
       [32099.46740604, 30208.58498424],
       [32066.69717655, 30095.70974935],
       [31935.61625861, 29902.72950905],
       [31775.4062478 , 29731.59608841],
       [31586.06714411, 29578.66835081],
       [31374.88122076, 29516.76902845],
       [31232.87689299, 29458.5108427 ],
       [31043.5377893 , 29378.40583729],
       [30912.45687136, 29341.9944712 ],
       [30457.31479518, 29731.59608841],
       [30464.5970684 , 29811.70109381],
       [30486.44388806, 29877.24155278],
       [30537.41980059, 29997.3990609 ],
       [30548.34321042, 30062.93951987],
       [30551.98434703, 30102.99202257]]), array([[31571.50259767, 29607.79744368],
       [31527.80895836, 29520.41016506],
       [31498.67986548, 29473.07538914],
       [31473.19190922, 29414.81720338],
       [31444.06281634, 29367.48242746],
       [31396.72804042, 29305.5831051 ],
       [31327.54644484, 29272.81287562],
       [31258.36484926, 29196.34900682],
       [31229.23575638, 29152.6553675 ],
       [31185.54211707, 29127.16741124],
       [31138.20734115, 29112.6028648 ],
       [30814.14618291, 29367.48242746]])]