[array([[22452.76412408, 34118.82849419],
       [22417.32083035, 34210.39033633],
       [22361.20228194, 34231.06559101],
       [22272.59404762, 34245.83363006],
       [22183.98581329, 34228.1119832 ],
       [22145.58891175, 34263.55527693],
       [22110.14561801, 34310.8130019 ],
       [22071.74871647, 34375.79237374],
       [22051.0734618 , 34399.42123623],
       [22012.67656025, 34428.95731434],
       [21968.37244309, 34449.63256902],
       [21941.78997279, 34476.21503932],
       [21909.30028687, 34535.28719553],
       [21891.57864001, 34570.73048927],
       [21891.57864001, 34615.03460643],
       [21894.53224782, 34656.38511578],
       [21894.53224782, 34697.73562514],
       [21906.34667906, 34742.0397423 ],
       [21921.11471812, 34780.43664384],
       [21935.88275717, 34809.97272195],
       [21956.55801185, 34839.50880006],
       [21989.04769777, 34922.20981877],
       [21989.04769777, 35013.77166091],
       [21986.09408996, 35043.30773901],
       [21968.37244309, 35093.5190718 ],
       [21959.51161966, 35131.91597334],
       [21947.69718841, 35161.45205145],
       [21932.92914936, 35208.70977643],
       [21929.97554155, 35253.01389359],
       [21950.65079622, 35303.22522638],
       [21965.41883528, 35350.48295135],
       [21974.27965871, 35385.92624508],
       [21980.18687433, 35444.9984013 ],
       [21986.09408996, 35521.79220439],
       [21986.09408996, 35563.14271374],
       [21962.46522747, 35607.4468309 ],
       [21924.06832593, 35619.26126215],
       [21891.57864001, 35631.07569339],
       [21850.22813065, 35636.98290901],
       [21814.78483692, 35645.84373244],
       [21761.61989632, 35690.14784961],
       [21687.77970105, 35758.08082926],
       [21673.011662  , 35802.38494642],
       [21675.96526981, 35831.92102453],
       [21681.87248543, 35861.45710264],
       [21681.87248543, 35896.90039637],
       [21687.77970105, 35929.39008229],
       [21732.08381822, 35970.74059165],
       [21758.66628851, 35994.36945413],
       [21761.61989632, 36059.34882597],
       [21729.1302104 , 36112.51376657],
       [21687.77970105, 36139.09623687],
       [21596.21785891, 36147.9570603 ],
       [21466.25911523, 36142.04984468],
       [21383.55809653, 36130.23541344],
       [21170.89833414, 36071.16325722],
       [20943.4705327 , 35985.5086307 ],
       [20866.67672961, 35938.25090573],
       [20801.69735777, 35840.78184797],
       [20739.67159374, 35610.40043871],
       [21501.70240896, 33436.54508987],
       [21717.31577916, 33463.12756017],
       [21841.36730722, 33531.06053982],
       [21965.41883528, 33628.52959758],
       [22071.74871647, 33690.55536161],
       [22178.07859767, 33755.53473345],
       [22275.54765543, 33835.28214434],
       [22373.01671319, 33923.89037867],
       [22455.71773189, 33982.96253489]]), array([[21501.70240896, 33457.22034454],
       [21513.51684021, 33421.77705081],
       [21540.09931051, 33395.19458052],
       [21584.40342767, 33368.61211022],
       [21625.75393702, 33362.7048946 ],
       [21705.50134792, 33362.7048946 ],
       [21773.43432757, 33386.33375708],
       [21826.59926817, 33421.77705081],
       [21935.88275717, 33466.08116798],
       [22024.4909915 , 33528.10693201],
       [22062.88789304, 33551.73579449],
       [22101.28479458, 33578.31826479],
       [22148.54251956, 33598.99351947],
       [22189.89302891, 33619.66877415],
       [22260.77961637, 33693.50896942],
       [22275.54765543, 33737.81308658],
       [22387.78475224, 33811.65328186],
       [22417.32083035, 33835.28214434],
       [22446.85690846, 33870.72543808],
       [22488.20741781, 33906.16873181],
       [22544.32596622, 33947.51924116],
       [22559.09400528, 34018.40582862],
       [22550.23318184, 34050.89551454],
       [22529.55792717, 34074.52437703],
       [22505.92906468, 34098.15323952],
       [22467.53216314, 34109.96767076],
       [22440.94969284, 34130.64292544]])]