[array([[32542.54511982, 40313.11041072],
       [32471.84599054, 40246.82997703],
       [32149.28121322, 40198.22432565],
       [31786.94817568, 40136.36258753],
       [31345.0786177 , 40123.10650079],
       [31305.31035748, 40145.19997869],
       [31252.28601053, 40198.22432565],
       [31190.42427241, 40251.24867261],
       [31146.23731661, 40295.43562841],
       [31128.56253429, 40344.04127978],
       [31093.21296965, 40463.34606044],
       [31079.95688291, 40578.23214551],
       [31071.11949176, 40675.44344827],
       [31071.11949176, 40732.8864908 ],
       [31066.70079618, 40785.91083776],
       [31066.70079618, 40847.77257588],
       [31062.2821006 , 40918.47170515],
       [31062.2821006 , 41011.26431233],
       [31066.70079618, 41095.21952834],
       [31959.27730329, 41660.81256256],
       [32043.23251931, 41665.23125814],
       [32228.81773366, 41665.23125814],
       [32303.93555851, 41643.13778024],
       [32343.70381873, 41621.04430234],
       [32396.72816569, 41598.95082444],
       [32467.42729496, 41612.20691118],
       [32533.70772866, 41665.23125814],
       [32666.26859605, 41704.99951835],
       [32745.80511649, 41731.51169183],
       [32878.36598388, 41762.44256089],
       [32957.90250432, 41771.27995205],
       [33002.08946012, 41740.34908299],
       [33050.69511149, 41687.32473603],
       [33147.90641425, 41598.95082444],
       [33192.09337005, 41532.67039074],
       [33236.28032584, 41439.87778357],
       [33253.95510816, 41302.89822059],
       [33276.04858606, 41192.4308311 ],
       [33276.04858606, 41037.77648581],
       [33280.46728164, 40905.21561841],
       [33280.46728164, 40843.3538803 ],
       [33276.04858606, 40781.49214218],
       [33249.53641258, 40679.86214385],
       [33200.93076121, 40591.48823225],
       [33152.32510983, 40542.88258087],
       [33094.88206729, 40489.85823392],
       [33050.69511149, 40458.92736486],
       [32926.97163526, 40414.74040906],
       [32873.9472883 , 40410.32171348],
       [32781.15468113, 40419.15910464]])]