[array([[39618.05336215, 39934.41210207],
       [39476.42456986, 39890.83401214],
       [39405.61017372, 39874.49222841],
       [39242.19233646, 39841.80866096],
       [39176.82520156, 39825.46687723],
       [39062.43271548, 39852.70318344],
       [38975.27653562, 39896.28127338],
       [38866.33131078, 39956.20114704],
       [38773.72786967, 40032.46280442],
       [38735.59704098, 40076.04089436],
       [38670.22990608, 40163.19707422],
       [38604.86277117, 40217.66968664],
       [38501.36480758, 40206.77516416],
       [38446.89219516, 40190.43338043],
       [38392.41958274, 40184.98611919],
       [38294.36888039, 40206.77516416],
       [38196.31817804, 40283.03682154],
       [38158.18734935, 40332.06217272],
       [38109.16199817, 40413.77109135],
       [38092.82021445, 40473.69096501],
       [38076.47843072, 40560.84714488],
       [38081.92569196, 40648.00332474],
       [38109.16199817, 40724.26498213],
       [38114.60925941, 40784.18485579],
       [38130.95104314, 40849.55199069],
       [38141.84556562, 40963.94447677],
       [38152.74008811, 41061.99517912],
       [38169.08187183, 41127.36231402],
       [38196.31817804, 41181.83492644],
       [38207.21270052, 41301.67467376],
       [38229.00174549, 41388.83085363],
       [38305.26340288, 41552.24869088],
       [38376.07779902, 41606.7213033 ],
       [38485.02302386, 41617.61582578],
       [38570.97871961, 41754.14574136],
       [38672.37767074, 41792.40949651],
       [39367.47934503, 41612.16856454],
       [39432.84647993, 41595.82678082],
       [39547.238966  , 41557.69595212],
       [39601.71157842, 41541.3541684 ],
       [39710.65680326, 41497.77607846],
       [39765.12941568, 41470.53977226],
       [39830.49655058, 41383.38359239],
       [39857.73285679, 41334.35824121],
       [39912.2054692 , 41230.86027762],
       [39933.99451417, 41170.94040396],
       [39884.969163  , 40974.83899925],
       [39857.73285679, 40893.13008063],
       [39830.49655058, 40844.10472945],
       [39786.91846064, 40702.47593716],
       [39776.02393816, 40631.66154102],
       [39765.12941568, 40533.61083867],
       [39759.68215443, 40446.4546588 ],
       [39759.68215443, 40332.06217272],
       [39765.12941568, 40244.90599285],
       [39765.12941568, 40184.98611919],
       [39754.23489319, 40114.17172305],
       [39743.34037071, 40032.46280442]])]