[array([[5878.53045719, 3238.71      ],
       [5877.59449412, 3268.49282793],
       [5874.79029871, 3298.15811665],
       [5870.12893786, 3327.5887908 ],
       [5863.62880781, 3356.66870098],
       [5855.31556162, 3385.28308205],
       [5845.22200787, 3413.31900613],
       [5833.3879812 , 3440.66582824],
       [5819.86018512, 3467.21562295],
       [5804.69200764, 3492.86361037],
       [5787.94331065, 3517.5085696 ],
       [5769.68019359, 3541.05323824],
       [5749.97473264, 3563.40469625],
       [5728.90469625, 3584.47473264],
       [5706.55323824, 3604.18019359],
       [5683.0085696 , 3622.44331065],
       [5658.36361037, 3639.19200764],
       [5632.71562295, 3654.36018512],
       [5606.16582824, 3667.8879812 ],
       [5578.81900613, 3679.72200787],
       [5550.78308205, 3689.81556162],
       [5522.16870098, 3698.12880781],
       [5493.0887908 , 3704.62893786],
       [5463.65811665, 3709.29029871],
       [5433.99282793, 3712.09449412],
       [5404.21      , 3713.03045719],
       [5374.42717207, 3712.09449412],
       [5344.76188335, 3709.29029871],
       [5315.3312092 , 3704.62893786],
       [5286.25129902, 3698.12880781],
       [5257.63691795, 3689.81556162],
       [5229.60099387, 3679.72200787],
       [5202.25417176, 3667.8879812 ],
       [5175.70437705, 3654.36018512],
       [5150.05638963, 3639.19200764],
       [5125.4114304 , 3622.44331065],
       [5101.86676176, 3604.18019359],
       [5079.51530375, 3584.47473264],
       [5058.44526736, 3563.40469625],
       [5038.73980641, 3541.05323824],
       [5020.47668935, 3517.5085696 ],
       [5003.72799236, 3492.86361037],
       [4988.55981488, 3467.21562295],
       [4975.0320188 , 3440.66582824],
       [4963.19799213, 3413.31900613],
       [4953.10443838, 3385.28308205],
       [4944.79119219, 3356.66870098],
       [4938.29106214, 3327.5887908 ],
       [4933.62970129, 3298.15811665],
       [4930.82550588, 3268.49282793],
       [4929.88954281, 3238.71      ],
       [4930.82550588, 3208.92717207],
       [4933.62970129, 3179.26188335],
       [4938.29106214, 3149.8312092 ],
       [4944.79119219, 3120.75129902],
       [4953.10443838, 3092.13691795],
       [4963.19799213, 3064.10099387],
       [4975.0320188 , 3036.75417176],
       [4988.55981488, 3010.20437705],
       [5003.72799236, 2984.55638963],
       [5020.47668935, 2959.9114304 ],
       [5038.73980641, 2936.36676176],
       [5058.44526736, 2914.01530375],
       [5079.51530375, 2892.94526736],
       [5101.86676176, 2873.23980641],
       [5125.4114304 , 2854.97668935],
       [5150.05638963, 2838.22799236],
       [5175.70437705, 2823.05981488],
       [5202.25417176, 2809.5320188 ],
       [5229.60099387, 2797.69799213],
       [5257.63691795, 2787.60443838],
       [5286.25129902, 2779.29119219],
       [5315.3312092 , 2772.79106214],
       [5344.76188335, 2768.12970129],
       [5374.42717207, 2765.32550588],
       [5404.21      , 2764.38954281],
       [5433.99282793, 2765.32550588],
       [5463.65811665, 2768.12970129],
       [5493.0887908 , 2772.79106214],
       [5522.16870098, 2779.29119219],
       [5550.78308205, 2787.60443838],
       [5578.81900613, 2797.69799213],
       [5606.16582824, 2809.5320188 ],
       [5632.71562295, 2823.05981488],
       [5658.36361037, 2838.22799236],
       [5683.0085696 , 2854.97668935],
       [5706.55323824, 2873.23980641],
       [5728.90469625, 2892.94526736],
       [5749.97473264, 2914.01530375],
       [5769.68019359, 2936.36676176],
       [5787.94331065, 2959.9114304 ],
       [5804.69200764, 2984.55638963],
       [5819.86018512, 3010.20437705],
       [5833.3879812 , 3036.75417176],
       [5845.22200787, 3064.10099387],
       [5855.31556162, 3092.13691795],
       [5863.62880781, 3120.75129902],
       [5870.12893786, 3149.8312092 ],
       [5874.79029871, 3179.26188335],
       [5877.59449412, 3208.92717207]])]