[array([[10374.24177192,  6543.8       ],
       [10373.1059533 ,  6579.9423343 ],
       [10369.70298002,  6615.94203132],
       [10364.04628205,  6651.6570167 ],
       [10356.15818379,  6686.94633971],
       [10346.06981597,  6721.67072951],
       [10333.82099276,  6755.69314481],
       [10319.46005468,  6788.87931467],
       [10303.04367778,  6821.09826844],
       [10284.63665   ,  6852.22285263],
       [10264.31161547,  6882.13023273],
       [10242.14878783,  6910.70237796],
       [10218.23563362,  6937.82652713],
       [10192.66652713,  6963.39563362],
       [10165.54237796,  6987.30878783],
       [10136.97023273,  7009.47161547],
       [10107.06285263,  7029.79665   ],
       [10075.93826844,  7048.20367778],
       [10043.71931467,  7064.62005468],
       [10010.53314481,  7078.98099276],
       [ 9976.51072951,  7091.22981597],
       [ 9941.78633971,  7101.31818379],
       [ 9906.4970167 ,  7109.20628205],
       [ 9870.78203132,  7114.86298002],
       [ 9834.7823343 ,  7118.2659533 ],
       [ 9798.64      ,  7119.40177192],
       [ 9762.4976657 ,  7118.2659533 ],
       [ 9726.49796868,  7114.86298002],
       [ 9690.7829833 ,  7109.20628205],
       [ 9655.49366029,  7101.31818379],
       [ 9620.76927049,  7091.22981597],
       [ 9586.74685519,  7078.98099276],
       [ 9553.56068533,  7064.62005468],
       [ 9521.34173156,  7048.20367778],
       [ 9490.21714737,  7029.79665   ],
       [ 9460.30976727,  7009.47161547],
       [ 9431.73762204,  6987.30878783],
       [ 9404.61347287,  6963.39563362],
       [ 9379.04436638,  6937.82652713],
       [ 9355.13121217,  6910.70237796],
       [ 9332.96838453,  6882.13023273],
       [ 9312.64335   ,  6852.22285263],
       [ 9294.23632222,  6821.09826844],
       [ 9277.81994532,  6788.87931467],
       [ 9263.45900724,  6755.69314481],
       [ 9251.21018403,  6721.67072951],
       [ 9241.12181621,  6686.94633971],
       [ 9233.23371795,  6651.6570167 ],
       [ 9227.57701998,  6615.94203132],
       [ 9224.1740467 ,  6579.9423343 ],
       [ 9223.03822808,  6543.8       ],
       [ 9224.1740467 ,  6507.6576657 ],
       [ 9227.57701998,  6471.65796868],
       [ 9233.23371795,  6435.9429833 ],
       [ 9241.12181621,  6400.65366029],
       [ 9251.21018403,  6365.92927049],
       [ 9263.45900724,  6331.90685519],
       [ 9277.81994532,  6298.72068533],
       [ 9294.23632222,  6266.50173156],
       [ 9312.64335   ,  6235.37714737],
       [ 9332.96838453,  6205.46976727],
       [ 9355.13121217,  6176.89762204],
       [ 9379.04436638,  6149.77347287],
       [ 9404.61347287,  6124.20436638],
       [ 9431.73762204,  6100.29121217],
       [ 9460.30976727,  6078.12838453],
       [ 9490.21714737,  6057.80335   ],
       [ 9521.34173156,  6039.39632222],
       [ 9553.56068533,  6022.97994532],
       [ 9586.74685519,  6008.61900724],
       [ 9620.76927049,  5996.37018403],
       [ 9655.49366029,  5986.28181621],
       [ 9690.7829833 ,  5978.39371795],
       [ 9726.49796868,  5972.73701998],
       [ 9762.4976657 ,  5969.3340467 ],
       [ 9798.64      ,  5968.19822808],
       [ 9834.7823343 ,  5969.3340467 ],
       [ 9870.78203132,  5972.73701998],
       [ 9906.4970167 ,  5978.39371795],
       [ 9941.78633971,  5986.28181621],
       [ 9976.51072951,  5996.37018403],
       [10010.53314481,  6008.61900724],
       [10043.71931467,  6022.97994532],
       [10075.93826844,  6039.39632222],
       [10107.06285263,  6057.80335   ],
       [10136.97023273,  6078.12838453],
       [10165.54237796,  6100.29121217],
       [10192.66652713,  6124.20436638],
       [10218.23563362,  6149.77347287],
       [10242.14878783,  6176.89762204],
       [10264.31161547,  6205.46976727],
       [10284.63665   ,  6235.37714737],
       [10303.04367778,  6266.50173156],
       [10319.46005468,  6298.72068533],
       [10333.82099276,  6331.90685519],
       [10346.06981597,  6365.92927049],
       [10356.15818379,  6400.65366029],
       [10364.04628205,  6435.9429833 ],
       [10369.70298002,  6471.65796868],
       [10373.1059533 ,  6507.6576657 ]])]