[array([[10395.53032874,  5041.52      ],
       [10394.4150942 ,  5077.00733856],
       [10391.07379189,  5112.35462482],
       [10385.51960841,  5147.42235916],
       [10377.77446359,  5182.07214528],
       [10367.86892397,  5216.1672363 ],
       [10355.84208219,  5249.57307446],
       [10341.7414027 ,  5282.15782219],
       [10325.62253444,  5313.79288236],
       [10307.54909122,  5344.35340587],
       [10287.59240067,  5373.71878427],
       [10265.83122272,  5401.77312583],
       [10242.3514388 ,  5428.4057129 ],
       [10217.2457129 ,  5453.5114388 ],
       [10190.61312583,  5476.99122272],
       [10162.55878427,  5498.75240067],
       [10133.19340587,  5518.70909122],
       [10102.63288236,  5536.78253444],
       [10070.99782219,  5552.9014027 ],
       [10038.41307446,  5567.00208219],
       [10005.0072363 ,  5579.02892397],
       [ 9970.91214528,  5588.93446359],
       [ 9936.26235916,  5596.67960841],
       [ 9901.19462482,  5602.23379189],
       [ 9865.84733856,  5605.5750942 ],
       [ 9830.36      ,  5606.69032874],
       [ 9794.87266144,  5605.5750942 ],
       [ 9759.52537518,  5602.23379189],
       [ 9724.45764084,  5596.67960841],
       [ 9689.80785472,  5588.93446359],
       [ 9655.7127637 ,  5579.02892397],
       [ 9622.30692554,  5567.00208219],
       [ 9589.72217781,  5552.9014027 ],
       [ 9558.08711764,  5536.78253444],
       [ 9527.52659413,  5518.70909122],
       [ 9498.16121573,  5498.75240067],
       [ 9470.10687417,  5476.99122272],
       [ 9443.4742871 ,  5453.5114388 ],
       [ 9418.3685612 ,  5428.4057129 ],
       [ 9394.88877728,  5401.77312583],
       [ 9373.12759933,  5373.71878427],
       [ 9353.17090878,  5344.35340587],
       [ 9335.09746556,  5313.79288236],
       [ 9318.9785973 ,  5282.15782219],
       [ 9304.87791781,  5249.57307446],
       [ 9292.85107603,  5216.1672363 ],
       [ 9282.94553641,  5182.07214528],
       [ 9275.20039159,  5147.42235916],
       [ 9269.64620811,  5112.35462482],
       [ 9266.3049058 ,  5077.00733856],
       [ 9265.18967126,  5041.52      ],
       [ 9266.3049058 ,  5006.03266144],
       [ 9269.64620811,  4970.68537518],
       [ 9275.20039159,  4935.61764084],
       [ 9282.94553641,  4900.96785472],
       [ 9292.85107603,  4866.8727637 ],
       [ 9304.87791781,  4833.46692554],
       [ 9318.9785973 ,  4800.88217781],
       [ 9335.09746556,  4769.24711764],
       [ 9353.17090878,  4738.68659413],
       [ 9373.12759933,  4709.32121573],
       [ 9394.88877728,  4681.26687417],
       [ 9418.3685612 ,  4654.6342871 ],
       [ 9443.4742871 ,  4629.5285612 ],
       [ 9470.10687417,  4606.04877728],
       [ 9498.16121573,  4584.28759933],
       [ 9527.52659413,  4564.33090878],
       [ 9558.08711764,  4546.25746556],
       [ 9589.72217781,  4530.1385973 ],
       [ 9622.30692554,  4516.03791781],
       [ 9655.7127637 ,  4504.01107603],
       [ 9689.80785472,  4494.10553641],
       [ 9724.45764084,  4486.36039159],
       [ 9759.52537518,  4480.80620811],
       [ 9794.87266144,  4477.4649058 ],
       [ 9830.36      ,  4476.34967126],
       [ 9865.84733856,  4477.4649058 ],
       [ 9901.19462482,  4480.80620811],
       [ 9936.26235916,  4486.36039159],
       [ 9970.91214528,  4494.10553641],
       [10005.0072363 ,  4504.01107603],
       [10038.41307446,  4516.03791781],
       [10070.99782219,  4530.1385973 ],
       [10102.63288236,  4546.25746556],
       [10133.19340587,  4564.33090878],
       [10162.55878427,  4584.28759933],
       [10190.61312583,  4606.04877728],
       [10217.2457129 ,  4629.5285612 ],
       [10242.3514388 ,  4654.6342871 ],
       [10265.83122272,  4681.26687417],
       [10287.59240067,  4709.32121573],
       [10307.54909122,  4738.68659413],
       [10325.62253444,  4769.24711764],
       [10341.7414027 ,  4800.88217781],
       [10355.84208219,  4833.46692554],
       [10367.86892397,  4866.8727637 ],
       [10377.77446359,  4900.96785472],
       [10385.51960841,  4935.61764084],
       [10391.07379189,  4970.68537518],
       [10394.4150942 ,  5006.03266144]])]