[array([[11133.41002667,  4112.59      ],
       [11132.36796163,  4145.74904713],
       [11129.24587908,  4178.77723066],
       [11124.05610044,  4211.54420342],
       [11116.81910739,  4243.92064915],
       [11107.56346106,  4275.7787928 ],
       [11096.32568923,  4306.99290485],
       [11083.15014227,  4337.43979744],
       [11068.08881804,  4366.99931061],
       [11051.2011567 ,  4395.55478645],
       [11032.55380614,  4422.99352956],
       [11012.22035893,  4449.20725175],
       [10990.2810619 ,  4474.09249943],
       [10966.82249943,  4497.5510619 ],
       [10941.93725175,  4519.49035893],
       [10915.72352956,  4539.82380614],
       [10888.28478645,  4558.4711567 ],
       [10859.72931061,  4575.35881804],
       [10830.16979744,  4590.42014227],
       [10799.72290485,  4603.59568923],
       [10768.5087928 ,  4614.83346106],
       [10736.65064915,  4624.08910739],
       [10704.27420342,  4631.32610044],
       [10671.50723066,  4636.51587908],
       [10638.47904713,  4639.63796163],
       [10605.32      ,  4640.68002667],
       [10572.16095287,  4639.63796163],
       [10539.13276934,  4636.51587908],
       [10506.36579658,  4631.32610044],
       [10473.98935085,  4624.08910739],
       [10442.1312072 ,  4614.83346106],
       [10410.91709515,  4603.59568923],
       [10380.47020256,  4590.42014227],
       [10350.91068939,  4575.35881804],
       [10322.35521355,  4558.4711567 ],
       [10294.91647044,  4539.82380614],
       [10268.70274825,  4519.49035893],
       [10243.81750057,  4497.5510619 ],
       [10220.3589381 ,  4474.09249943],
       [10198.41964107,  4449.20725175],
       [10178.08619386,  4422.99352956],
       [10159.4388433 ,  4395.55478645],
       [10142.55118196,  4366.99931061],
       [10127.48985773,  4337.43979744],
       [10114.31431077,  4306.99290485],
       [10103.07653894,  4275.7787928 ],
       [10093.82089261,  4243.92064915],
       [10086.58389956,  4211.54420342],
       [10081.39412092,  4178.77723066],
       [10078.27203837,  4145.74904713],
       [10077.22997333,  4112.59      ],
       [10078.27203837,  4079.43095287],
       [10081.39412092,  4046.40276934],
       [10086.58389956,  4013.63579658],
       [10093.82089261,  3981.25935085],
       [10103.07653894,  3949.4012072 ],
       [10114.31431077,  3918.18709515],
       [10127.48985773,  3887.74020256],
       [10142.55118196,  3858.18068939],
       [10159.4388433 ,  3829.62521355],
       [10178.08619386,  3802.18647044],
       [10198.41964107,  3775.97274825],
       [10220.3589381 ,  3751.08750057],
       [10243.81750057,  3727.6289381 ],
       [10268.70274825,  3705.68964107],
       [10294.91647044,  3685.35619386],
       [10322.35521355,  3666.7088433 ],
       [10350.91068939,  3649.82118196],
       [10380.47020256,  3634.75985773],
       [10410.91709515,  3621.58431077],
       [10442.1312072 ,  3610.34653894],
       [10473.98935085,  3601.09089261],
       [10506.36579658,  3593.85389956],
       [10539.13276934,  3588.66412092],
       [10572.16095287,  3585.54203837],
       [10605.32      ,  3584.49997333],
       [10638.47904713,  3585.54203837],
       [10671.50723066,  3588.66412092],
       [10704.27420342,  3593.85389956],
       [10736.65064915,  3601.09089261],
       [10768.5087928 ,  3610.34653894],
       [10799.72290485,  3621.58431077],
       [10830.16979744,  3634.75985773],
       [10859.72931061,  3649.82118196],
       [10888.28478645,  3666.7088433 ],
       [10915.72352956,  3685.35619386],
       [10941.93725175,  3705.68964107],
       [10966.82249943,  3727.6289381 ],
       [10990.2810619 ,  3751.08750057],
       [11012.22035893,  3775.97274825],
       [11032.55380614,  3802.18647044],
       [11051.2011567 ,  3829.62521355],
       [11068.08881804,  3858.18068939],
       [11083.15014227,  3887.74020256],
       [11096.32568923,  3918.18709515],
       [11107.56346106,  3949.4012072 ],
       [11116.81910739,  3981.25935085],
       [11124.05610044,  4013.63579658],
       [11129.24587908,  4046.40276934],
       [11132.36796163,  4079.43095287]])]