[array([[11140.54373258, 10427.27      ],
       [11139.40317425, 10463.56315466],
       [11135.98600051, 10499.71307682],
       [11130.30569739, 10535.57709925],
       [11122.38468245, 10571.01368304],
       [11112.25421631, 10605.88297618],
       [11099.95427931, 10640.04736551],
       [11085.53341366, 10673.37201978],
       [11069.04853195, 10705.72542182],
       [11050.56469246, 10736.97988751],
       [11030.15484247, 10767.01206978],
       [11007.89953033, 10795.70344531],
       [10983.88658758, 10822.94078235],
       [10958.21078235, 10848.61658758],
       [10930.97344531, 10872.62953033],
       [10902.28206978, 10894.88484247],
       [10872.24988751, 10915.29469246],
       [10840.99542182, 10933.77853195],
       [10808.64201978, 10950.26341366],
       [10775.31736551, 10964.68427931],
       [10741.15297618, 10976.98421631],
       [10706.28368304, 10987.11468245],
       [10670.84709925, 10995.03569739],
       [10634.98307682, 11000.71600051],
       [10598.83315466, 11004.13317425],
       [10562.54      , 11005.27373258],
       [10526.24684534, 11004.13317425],
       [10490.09692318, 11000.71600051],
       [10454.23290075, 10995.03569739],
       [10418.79631696, 10987.11468245],
       [10383.92702382, 10976.98421631],
       [10349.76263449, 10964.68427931],
       [10316.43798022, 10950.26341366],
       [10284.08457818, 10933.77853195],
       [10252.83011249, 10915.29469246],
       [10222.79793022, 10894.88484247],
       [10194.10655469, 10872.62953033],
       [10166.86921765, 10848.61658758],
       [10141.19341242, 10822.94078235],
       [10117.18046967, 10795.70344531],
       [10094.92515753, 10767.01206978],
       [10074.51530754, 10736.97988751],
       [10056.03146805, 10705.72542182],
       [10039.54658634, 10673.37201978],
       [10025.12572069, 10640.04736551],
       [10012.82578369, 10605.88297618],
       [10002.69531755, 10571.01368304],
       [ 9994.77430261, 10535.57709925],
       [ 9989.09399949, 10499.71307682],
       [ 9985.67682575, 10463.56315466],
       [ 9984.53626742, 10427.27      ],
       [ 9985.67682575, 10390.97684534],
       [ 9989.09399949, 10354.82692318],
       [ 9994.77430261, 10318.96290075],
       [10002.69531755, 10283.52631696],
       [10012.82578369, 10248.65702382],
       [10025.12572069, 10214.49263449],
       [10039.54658634, 10181.16798022],
       [10056.03146805, 10148.81457818],
       [10074.51530754, 10117.56011249],
       [10094.92515753, 10087.52793022],
       [10117.18046967, 10058.83655469],
       [10141.19341242, 10031.59921765],
       [10166.86921765, 10005.92341242],
       [10194.10655469,  9981.91046967],
       [10222.79793022,  9959.65515753],
       [10252.83011249,  9939.24530754],
       [10284.08457818,  9920.76146805],
       [10316.43798022,  9904.27658634],
       [10349.76263449,  9889.85572069],
       [10383.92702382,  9877.55578369],
       [10418.79631696,  9867.42531755],
       [10454.23290075,  9859.50430261],
       [10490.09692318,  9853.82399949],
       [10526.24684534,  9850.40682575],
       [10562.54      ,  9849.26626742],
       [10598.83315466,  9850.40682575],
       [10634.98307682,  9853.82399949],
       [10670.84709925,  9859.50430261],
       [10706.28368304,  9867.42531755],
       [10741.15297618,  9877.55578369],
       [10775.31736551,  9889.85572069],
       [10808.64201978,  9904.27658634],
       [10840.99542182,  9920.76146805],
       [10872.24988751,  9939.24530754],
       [10902.28206978,  9959.65515753],
       [10930.97344531,  9981.91046967],
       [10958.21078235, 10005.92341242],
       [10983.88658758, 10031.59921765],
       [11007.89953033, 10058.83655469],
       [11030.15484247, 10087.52793022],
       [11050.56469246, 10117.56011249],
       [11069.04853195, 10148.81457818],
       [11085.53341366, 10181.16798022],
       [11099.95427931, 10214.49263449],
       [11112.25421631, 10248.65702382],
       [11122.38468245, 10283.52631696],
       [11130.30569739, 10318.96290075],
       [11135.98600051, 10354.82692318],
       [11139.40317425, 10390.97684534]])]