[array([[ 8704.9968624 , 18009.95      ],
       [ 8703.75923266, 18049.33201684],
       [ 8700.05122781, 18088.55861085],
       [ 8693.88748163, 18127.47497258],
       [ 8685.29231963, 18165.92751694],
       [ 8674.29966299, 18203.7644893 ],
       [ 8660.95289468, 18240.83656442],
       [ 8645.30468832, 18276.99743575],
       [ 8627.41680023, 18312.10439285],
       [ 8607.35982571, 18346.0188846 ],
       [ 8585.2129205 , 18378.607066  ],
       [ 8561.06348831, 18409.74032639],
       [ 8535.00683591, 18439.295797  ],
       [ 8507.145797  , 18467.15683591],
       [ 8477.59032639, 18493.21348831],
       [ 8446.457066  , 18517.3629205 ],
       [ 8413.8688846 , 18539.50982571],
       [ 8379.95439285, 18559.56680023],
       [ 8344.84743575, 18577.45468832],
       [ 8308.68656442, 18593.10289468],
       [ 8271.6144893 , 18606.44966299],
       [ 8233.77751694, 18617.44231963],
       [ 8195.32497258, 18626.03748163],
       [ 8156.40861085, 18632.20122781],
       [ 8117.18201684, 18635.90923266],
       [ 8077.8       , 18637.1468624 ],
       [ 8038.41798316, 18635.90923266],
       [ 7999.19138915, 18632.20122781],
       [ 7960.27502742, 18626.03748163],
       [ 7921.82248306, 18617.44231963],
       [ 7883.9855107 , 18606.44966299],
       [ 7846.91343558, 18593.10289468],
       [ 7810.75256425, 18577.45468832],
       [ 7775.64560715, 18559.56680023],
       [ 7741.7311154 , 18539.50982571],
       [ 7709.142934  , 18517.3629205 ],
       [ 7678.00967361, 18493.21348831],
       [ 7648.454203  , 18467.15683591],
       [ 7620.59316409, 18439.295797  ],
       [ 7594.53651169, 18409.74032639],
       [ 7570.3870795 , 18378.607066  ],
       [ 7548.24017429, 18346.0188846 ],
       [ 7528.18319977, 18312.10439285],
       [ 7510.29531168, 18276.99743575],
       [ 7494.64710532, 18240.83656442],
       [ 7481.30033701, 18203.7644893 ],
       [ 7470.30768037, 18165.92751694],
       [ 7461.71251837, 18127.47497258],
       [ 7455.54877219, 18088.55861085],
       [ 7451.84076734, 18049.33201684],
       [ 7450.6031376 , 18009.95      ],
       [ 7451.84076734, 17970.56798316],
       [ 7455.54877219, 17931.34138915],
       [ 7461.71251837, 17892.42502742],
       [ 7470.30768037, 17853.97248306],
       [ 7481.30033701, 17816.1355107 ],
       [ 7494.64710532, 17779.06343558],
       [ 7510.29531168, 17742.90256425],
       [ 7528.18319977, 17707.79560715],
       [ 7548.24017429, 17673.8811154 ],
       [ 7570.3870795 , 17641.292934  ],
       [ 7594.53651169, 17610.15967361],
       [ 7620.59316409, 17580.604203  ],
       [ 7648.454203  , 17552.74316409],
       [ 7678.00967361, 17526.68651169],
       [ 7709.142934  , 17502.5370795 ],
       [ 7741.7311154 , 17480.39017429],
       [ 7775.64560715, 17460.33319977],
       [ 7810.75256425, 17442.44531168],
       [ 7846.91343558, 17426.79710532],
       [ 7883.9855107 , 17413.45033701],
       [ 7921.82248306, 17402.45768037],
       [ 7960.27502742, 17393.86251837],
       [ 7999.19138915, 17387.69877219],
       [ 8038.41798316, 17383.99076734],
       [ 8077.8       , 17382.7531376 ],
       [ 8117.18201684, 17383.99076734],
       [ 8156.40861085, 17387.69877219],
       [ 8195.32497258, 17393.86251837],
       [ 8233.77751694, 17402.45768037],
       [ 8271.6144893 , 17413.45033701],
       [ 8308.68656442, 17426.79710532],
       [ 8344.84743575, 17442.44531168],
       [ 8379.95439285, 17460.33319977],
       [ 8413.8688846 , 17480.39017429],
       [ 8446.457066  , 17502.5370795 ],
       [ 8477.59032639, 17526.68651169],
       [ 8507.145797  , 17552.74316409],
       [ 8535.00683591, 17580.604203  ],
       [ 8561.06348831, 17610.15967361],
       [ 8585.2129205 , 17641.292934  ],
       [ 8607.35982571, 17673.8811154 ],
       [ 8627.41680023, 17707.79560715],
       [ 8645.30468832, 17742.90256425],
       [ 8660.95289468, 17779.06343558],
       [ 8674.29966299, 17816.1355107 ],
       [ 8685.29231963, 17853.97248306],
       [ 8693.88748163, 17892.42502742],
       [ 8700.05122781, 17931.34138915],
       [ 8703.75923266, 17970.56798316]])]